stations	Aand	Atax	Btep	Bspo	Iacu	Ipal	Ipar	Ipat	Isph	Istr	Ipli	Ivel	Ijap	Lmac	Mcho	Nlab	Nrig	Ocen	Oisr	Ojan	Olon	Ogig	Pzoh	Pret	Smem	Sdel	Selo	Sram	Sbel	Sben	Sbul	Slaz	Smir	Sgra	Spac	Sspp	Tpel	Pdal	Stri	Imin	Imic	Ibre	Ekar	Bspp	Dubr	Peri	Lspp	Snep	Xxan	Squa	Pnud	Tapp	Tvar	Vcal	Vspi	Pame	Qcon	 Psch	Parc	Pkof	Gymn	Eacu	Egra	Edel	Etra	Espp	Sste	Sbif	Cysa	Tvan	Dcha
0.5	0.00	5.17	12.92	0.00	0.00	2.58	0.00	0.00	0.00	0.00	0.00	0.00	0.00	0.00	0.00	64.60	0.00	105.94	0.00	0.00	0.00	0.00	0.00	0.00	0.00	0.00	12.92	10.34	0.00	0.00	0.00	0.00	0.00	0.00	0.00	5.17	0.00	602.07	0.00	0.00	0.00	0.00	0.00	62.02	7.75	23.26	0.00	0.00	0.00	10.34	0.00	25.84	0.00	0.00	0.00	2.58	0.00	7.75	0.00	0.00	0.00	0.00	0.00	0.00	38.76	0.00	0.00	0.00	0.00	0.00	0.00
5.5	0.00	2.80	8.40	0.00	0.00	0.00	0.00	0.00	0.00	0.00	0.00	0.00	0.00	0.00	0.00	58.82	0.00	103.64	0.00	0.00	0.00	0.00	0.00	0.00	0.00	0.00	30.81	2.80	0.00	0.00	0.00	0.00	2.80	0.00	0.00	0.00	0.00	557.42	0.00	0.00	0.00	0.00	0.00	98.04	5.60	22.41	0.00	0.00	0.00	25.21	0.00	22.41	0.00	0.00	0.00	5.60	2.80	19.61	0.00	0.00	0.00	0.00	0.00	0.00	30.81	0.00	0.00	0.00	0.00	0.00	0.00
10.5	0.00	5.65	14.12	0.00	0.00	0.00	0.00	0.00	5.65	0.00	0.00	0.00	0.00	0.00	0.00	25.42	0.00	107.34	0.00	0.00	0.00	0.00	0.00	0.00	0.00	0.00	22.60	2.82	0.00	0.00	0.00	0.00	0.00	0.00	0.00	5.65	0.00	567.80	0.00	0.00	0.00	0.00	0.00	87.57	5.65	39.55	0.00	0.00	2.82	31.07	0.00	25.42	0.00	5.65	0.00	0.00	2.82	11.30	0.00	0.00	0.00	0.00	0.00	0.00	31.07	0.00	0.00	0.00	0.00	0.00	0.00
16.5	0.00	2.58	10.31	0.00	0.00	0.00	0.00	0.00	2.58	0.00	0.00	0.00	0.00	0.00	0.00	43.81	0.00	92.78	0.00	0.00	0.00	0.00	0.00	2.58	0.00	0.00	5.15	7.73	0.00	0.00	0.00	0.00	0.00	0.00	0.00	2.58	0.00	595.36	2.58	0.00	0.00	0.00	0.00	77.32	7.73	46.39	0.00	0.00	0.00	33.51	0.00	28.35	0.00	0.00	0.00	0.00	0.00	15.46	0.00	0.00	0.00	0.00	0.00	0.00	23.20	0.00	0.00	0.00	0.00	0.00	0.00
20.5	0.00	0.00	13.44	0.00	0.00	0.00	0.00	0.00	0.00	0.00	0.00	0.00	0.00	0.00	0.00	45.70	0.00	94.09	0.00	0.00	0.00	0.00	0.00	0.00	0.00	0.00	24.19	5.38	0.00	0.00	0.00	0.00	0.00	0.00	0.00	0.00	0.00	634.41	5.38	0.00	0.00	0.00	0.00	61.83	0.00	29.57	0.00	2.69	0.00	18.82	0.00	40.32	0.00	0.00	0.00	0.00	2.69	5.38	0.00	0.00	0.00	0.00	0.00	0.00	16.13	0.00	0.00	0.00	0.00	0.00	0.00
25.5	0.00	5.59	19.55	0.00	0.00	2.79	0.00	0.00	0.00	0.00	0.00	0.00	0.00	0.00	0.00	50.28	0.00	125.70	0.00	0.00	0.00	0.00	0.00	2.79	0.00	0.00	16.76	2.79	0.00	0.00	0.00	0.00	0.00	0.00	0.00	5.59	0.00	474.86	0.00	0.00	0.00	0.00	0.00	136.87	11.17	19.55	0.00	0.00	0.00	47.49	0.00	22.35	0.00	0.00	0.00	0.00	2.79	25.14	2.79	0.00	0.00	0.00	0.00	0.00	25.14	0.00	0.00	0.00	0.00	0.00	0.00
30.5	0.00	0.00	7.96	0.00	0.00	2.65	2.65	0.00	2.65	0.00	0.00	0.00	0.00	0.00	0.00	39.79	0.00	98.14	0.00	0.00	0.00	0.00	0.00	0.00	0.00	0.00	13.26	10.61	0.00	0.00	0.00	2.65	0.00	0.00	0.00	2.65	0.00	596.82	0.00	0.00	0.00	0.00	0.00	63.66	7.96	26.53	0.00	0.00	0.00	45.09	0.00	39.79	0.00	0.00	0.00	0.00	0.00	18.57	0.00	0.00	0.00	0.00	0.00	0.00	18.57	0.00	0.00	0.00	0.00	0.00	0.00
35.5	0.00	3.22	9.65	0.00	0.00	0.00	6.43	0.00	0.00	0.00	0.00	0.00	0.00	0.00	0.00	28.94	0.00	86.82	0.00	0.00	0.00	0.00	0.00	0.00	0.00	0.00	9.65	3.22	0.00	0.00	0.00	0.00	0.00	0.00	0.00	0.00	0.00	553.05	0.00	0.00	0.00	0.00	0.00	90.03	0.00	22.51	0.00	0.00	0.00	99.68	0.00	25.72	0.00	3.22	0.00	0.00	12.86	19.29	0.00	0.00	0.00	0.00	0.00	0.00	25.72	0.00	0.00	0.00	0.00	0.00	0.00
40.5	0.00	5.32	15.96	0.00	0.00	0.00	0.00	0.00	0.00	0.00	0.00	0.00	0.00	0.00	0.00	61.17	0.00	167.55	0.00	0.00	0.00	0.00	0.00	0.00	0.00	0.00	29.26	7.98	0.00	0.00	0.00	0.00	0.00	0.00	0.00	2.66	0.00	505.32	0.00	0.00	0.00	0.00	0.00	61.17	15.96	10.64	0.00	0.00	0.00	34.57	0.00	42.55	0.00	0.00	0.00	0.00	5.32	21.28	0.00	0.00	0.00	0.00	0.00	0.00	13.30	0.00	0.00	0.00	0.00	0.00	0.00
45.5	0.00	3.01	3.01	0.00	0.00	0.00	0.00	0.00	3.01	0.00	0.00	0.00	0.00	0.00	0.00	21.08	0.00	198.80	0.00	0.00	0.00	0.00	0.00	0.00	0.00	0.00	36.14	0.00	0.00	0.00	0.00	3.01	0.00	0.00	0.00	3.01	0.00	442.77	9.04	0.00	0.00	0.00	0.00	81.33	12.05	9.04	0.00	3.01	0.00	63.25	9.04	45.18	0.00	0.00	0.00	0.00	3.01	27.11	3.01	0.00	0.00	0.00	0.00	0.00	21.08	0.00	0.00	0.00	0.00	0.00	0.00
50.5	0.00	2.42	7.26	0.00	0.00	4.84	2.42	0.00	2.42	0.00	0.00	0.00	0.00	0.00	0.00	36.32	0.00	128.33	0.00	0.00	0.00	0.00	0.00	2.42	0.00	0.00	16.95	2.42	0.00	0.00	0.00	0.00	0.00	0.00	0.00	7.26	0.00	636.80	0.00	0.00	0.00	0.00	0.00	29.06	4.84	38.74	0.00	0.00	0.00	26.63	0.00	24.21	0.00	0.00	0.00	0.00	4.84	7.26	0.00	0.00	0.00	0.00	0.00	0.00	14.53	0.00	0.00	0.00	0.00	0.00	0.00
55.5	0.00	2.87	5.75	0.00	0.00	2.87	0.00	0.00	0.00	0.00	0.00	0.00	0.00	0.00	0.00	77.59	0.00	91.95	0.00	0.00	0.00	0.00	0.00	0.00	0.00	0.00	25.86	2.87	0.00	0.00	0.00	0.00	0.00	0.00	0.00	2.87	0.00	640.80	2.87	0.00	0.00	0.00	0.00	28.74	0.00	20.11	0.00	0.00	0.00	48.85	0.00	25.86	0.00	0.00	0.00	0.00	0.00	8.62	0.00	0.00	0.00	0.00	0.00	0.00	11.49	0.00	0.00	0.00	0.00	0.00	0.00
60.5	0.00	5.76	8.65	0.00	0.00	0.00	0.00	0.00	0.00	0.00	0.00	0.00	0.00	0.00	0.00	46.11	0.00	118.16	0.00	0.00	0.00	0.00	0.00	0.00	0.00	0.00	25.94	8.65	0.00	0.00	0.00	0.00	0.00	0.00	0.00	5.76	0.00	605.19	0.00	0.00	0.00	0.00	0.00	40.35	0.00	20.17	0.00	0.00	0.00	34.58	0.00	25.94	0.00	0.00	0.00	0.00	5.76	17.29	5.76	0.00	0.00	0.00	0.00	0.00	25.94	0.00	0.00	0.00	0.00	0.00	0.00
65.5	0.00	2.76	11.05	0.00	0.00	2.76	0.00	0.00	2.76	0.00	0.00	0.00	0.00	0.00	0.00	77.35	0.00	127.07	0.00	0.00	0.00	0.00	0.00	0.00	0.00	0.00	16.57	8.29	0.00	0.00	0.00	0.00	0.00	0.00	0.00	0.00	0.00	549.72	2.76	0.00	0.00	0.00	0.00	49.72	2.76	19.34	0.00	0.00	0.00	49.72	0.00	35.91	0.00	0.00	0.00	0.00	5.52	19.34	0.00	0.00	0.00	0.00	0.00	0.00	16.57	0.00	0.00	0.00	0.00	0.00	0.00
70.5	0.00	11.24	5.62	0.00	0.00	2.81	0.00	0.00	0.00	0.00	0.00	0.00	0.00	0.00	0.00	50.56	0.00	162.92	0.00	0.00	0.00	0.00	0.00	2.81	0.00	0.00	25.28	14.04	0.00	0.00	0.00	0.00	0.00	0.00	0.00	2.81	0.00	542.13	0.00	0.00	0.00	0.00	0.00	33.71	0.00	2.81	0.00	0.00	0.00	56.18	5.62	47.75	0.00	0.00	0.00	5.62	5.62	8.43	0.00	0.00	0.00	0.00	0.00	0.00	14.04	0.00	0.00	0.00	0.00	0.00	0.00
75.5	0.00	2.77	0.00	0.00	0.00	0.00	0.00	0.00	8.31	0.00	0.00	0.00	0.00	0.00	0.00	60.94	0.00	119.11	0.00	0.00	0.00	0.00	0.00	0.00	0.00	0.00	16.62	8.31	0.00	0.00	0.00	0.00	0.00	0.00	0.00	8.31	0.00	606.65	5.54	0.00	0.00	0.00	0.00	30.47	5.54	13.85	0.00	0.00	0.00	30.47	0.00	22.16	0.00	0.00	0.00	0.00	0.00	13.85	0.00	0.00	0.00	0.00	0.00	0.00	47.09	0.00	0.00	0.00	0.00	0.00	0.00
80.5	0.00	0.00	4.82	0.00	0.00	2.41	0.00	0.00	2.41	0.00	0.00	0.00	0.00	0.00	0.00	43.37	0.00	130.12	0.00	0.00	0.00	0.00	0.00	0.00	0.00	0.00	31.33	12.05	0.00	0.00	0.00	0.00	0.00	0.00	0.00	4.82	0.00	549.40	0.00	0.00	0.00	0.00	0.00	50.60	0.00	16.87	0.00	0.00	0.00	77.11	0.00	19.28	0.00	0.00	0.00	0.00	0.00	9.64	0.00	0.00	0.00	0.00	0.00	0.00	45.78	0.00	0.00	0.00	0.00	0.00	0.00
85.5	0.00	0.00	10.47	0.00	0.00	0.00	0.00	0.00	0.00	0.00	0.00	0.00	0.00	0.00	0.00	57.59	0.00	78.53	0.00	0.00	0.00	0.00	0.00	7.85	0.00	0.00	34.03	10.47	0.00	0.00	0.00	0.00	0.00	0.00	0.00	7.85	0.00	596.86	0.00	0.00	0.00	0.00	0.00	78.53	2.62	0.00	0.00	0.00	0.00	20.94	0.00	26.18	0.00	0.00	0.00	0.00	2.62	28.80	7.85	0.00	0.00	0.00	0.00	0.00	28.80	0.00	0.00	0.00	0.00	0.00	0.00
90.5	0.00	0.00	38.30	0.00	0.00	0.00	0.00	0.00	0.00	0.00	0.00	0.00	0.00	0.00	0.00	74.47	0.00	180.85	0.00	0.00	0.00	0.00	0.00	0.00	0.00	0.00	14.89	17.02	0.00	0.00	0.00	0.00	0.00	0.00	0.00	8.51	0.00	465.96	4.26	0.00	0.00	0.00	0.00	46.81	4.26	10.64	0.00	4.26	0.00	40.43	0.00	25.53	0.00	0.00	0.00	0.00	6.38	40.43	0.00	0.00	0.00	0.00	0.00	0.00	17.02	0.00	0.00	0.00	0.00	0.00	0.00
96.5	0.00	7.46	34.83	0.00	0.00	2.49	0.00	0.00	2.49	0.00	0.00	0.00	0.00	0.00	0.00	69.65	0.00	208.96	0.00	0.00	0.00	0.00	0.00	4.98	0.00	0.00	22.39	4.98	0.00	0.00	0.00	0.00	0.00	0.00	0.00	2.49	0.00	437.81	2.49	0.00	0.00	0.00	0.00	62.19	4.98	4.98	0.00	0.00	0.00	42.29	0.00	27.36	0.00	0.00	0.00	0.00	9.95	24.88	0.00	0.00	0.00	0.00	0.00	0.00	22.39	0.00	0.00	0.00	0.00	0.00	0.00
100.5	0.00	0.00	28.41	0.00	2.84	0.00	0.00	0.00	5.68	0.00	0.00	0.00	0.00	0.00	0.00	62.50	0.00	164.77	0.00	0.00	0.00	0.00	0.00	0.00	0.00	0.00	25.57	0.00	0.00	0.00	0.00	0.00	0.00	0.00	0.00	0.00	0.00	491.48	0.00	0.00	0.00	0.00	0.00	56.82	5.68	31.25	0.00	0.00	0.00	25.57	0.00	31.25	0.00	0.00	0.00	0.00	2.84	45.45	0.00	0.00	0.00	0.00	0.00	0.00	19.89	0.00	0.00	0.00	0.00	0.00	0.00
105.5	0.00	4.94	17.28	0.00	0.00	2.47	0.00	0.00	2.47	0.00	0.00	0.00	0.00	0.00	0.00	64.20	0.00	271.60	0.00	0.00	0.00	0.00	0.00	0.00	0.00	0.00	17.28	4.94	0.00	0.00	0.00	0.00	0.00	0.00	0.00	2.47	0.00	437.04	7.41	0.00	0.00	0.00	0.00	49.38	7.41	24.69	0.00	0.00	0.00	34.57	0.00	12.35	0.00	0.00	0.00	0.00	7.41	19.75	0.00	0.00	0.00	0.00	0.00	0.00	12.35	0.00	0.00	0.00	0.00	0.00	0.00
110.5	0.00	5.14	17.99	0.00	0.00	5.14	0.00	0.00	0.00	0.00	0.00	0.00	0.00	0.00	0.00	69.41	0.00	210.80	0.00	0.00	0.00	0.00	0.00	0.00	0.00	0.00	38.56	12.85	0.00	0.00	0.00	0.00	0.00	0.00	0.00	0.00	0.00	437.02	5.14	0.00	0.00	0.00	0.00	51.41	2.57	12.85	0.00	0.00	0.00	48.84	0.00	30.85	0.00	0.00	0.00	0.00	5.14	12.85	0.00	0.00	0.00	0.00	0.00	0.00	33.42	0.00	0.00	0.00	0.00	0.00	0.00
116.5	0.00	5.31	5.31	0.00	0.00	2.65	0.00	0.00	0.00	0.00	0.00	0.00	0.00	0.00	0.00	31.83	0.00	339.52	0.00	0.00	0.00	0.00	0.00	0.00	0.00	0.00	7.96	2.65	0.00	0.00	0.00	0.00	0.00	0.00	0.00	5.31	0.00	403.18	2.65	0.00	0.00	0.00	0.00	63.66	2.65	7.96	0.00	5.31	0.00	23.87	0.00	47.75	0.00	0.00	0.00	0.00	7.96	21.22	0.00	0.00	0.00	0.00	0.00	0.00	13.26	0.00	0.00	0.00	0.00	0.00	0.00
120.5	0.00	2.66	0.00	0.00	0.00	10.64	2.66	0.00	5.32	0.00	0.00	0.00	0.00	0.00	0.00	13.30	0.00	273.94	0.00	0.00	0.00	0.00	0.00	0.00	0.00	0.00	2.66	13.30	0.00	0.00	0.00	0.00	0.00	0.00	0.00	2.66	0.00	406.91	7.98	0.00	0.00	0.00	0.00	98.40	13.30	13.30	0.00	0.00	0.00	55.85	0.00	37.23	0.00	0.00	0.00	2.66	21.28	10.64	0.00	0.00	0.00	0.00	0.00	0.00	5.32	0.00	0.00	0.00	0.00	0.00	0.00
125.5	0.00	0.00	2.58	0.00	0.00	0.00	10.31	0.00	0.00	0.00	0.00	0.00	0.00	0.00	0.00	25.77	0.00	365.98	0.00	0.00	0.00	0.00	0.00	0.00	0.00	0.00	5.15	10.31	0.00	0.00	0.00	0.00	0.00	0.00	0.00	7.73	0.00	394.33	2.58	0.00	0.00	0.00	0.00	79.90	7.73	12.89	0.00	2.58	0.00	28.35	0.00	10.31	0.00	2.58	0.00	0.00	12.89	12.89	0.00	0.00	0.00	0.00	0.00	0.00	5.15	0.00	0.00	0.00	0.00	0.00	0.00
130.5	0.00	5.03	2.51	0.00	0.00	2.51	0.00	0.00	0.00	0.00	0.00	0.00	0.00	0.00	0.00	25.13	0.00	306.53	0.00	0.00	0.00	0.00	0.00	0.00	0.00	0.00	17.59	5.03	0.00	0.00	0.00	0.00	0.00	0.00	0.00	0.00	0.00	454.77	2.51	0.00	0.00	0.00	0.00	85.43	2.51	15.08	0.00	2.51	0.00	30.15	0.00	10.05	0.00	0.00	0.00	0.00	5.03	22.61	2.51	0.00	0.00	0.00	0.00	0.00	2.51	0.00	0.00	0.00	0.00	0.00	0.00
135.5	0.00	2.67	2.67	0.00	0.00	0.00	0.00	0.00	2.67	0.00	0.00	0.00	0.00	0.00	0.00	16.04	0.00	256.68	0.00	0.00	0.00	0.00	0.00	0.00	0.00	0.00	13.37	2.67	0.00	0.00	0.00	0.00	0.00	0.00	0.00	0.00	0.00	625.67	0.00	0.00	0.00	0.00	0.00	24.06	0.00	13.37	0.00	0.00	0.00	21.39	0.00	10.70	0.00	0.00	0.00	0.00	0.00	8.02	0.00	0.00	0.00	0.00	0.00	0.00	0.00	0.00	0.00	0.00	0.00	0.00	0.00
140.5	0.00	0.00	4.99	0.00	0.00	0.00	0.00	0.00	2.49	0.00	0.00	0.00	0.00	0.00	0.00	12.47	0.00	229.43	0.00	0.00	0.00	0.00	0.00	0.00	0.00	0.00	17.46	9.98	0.00	0.00	0.00	0.00	0.00	0.00	0.00	2.49	0.00	605.99	0.00	0.00	0.00	0.00	0.00	24.94	2.49	24.94	0.00	0.00	2.49	27.43	0.00	7.48	0.00	0.00	0.00	0.00	0.00	9.98	9.98	0.00	0.00	0.00	0.00	0.00	4.99	0.00	0.00	0.00	0.00	0.00	0.00
145.5	0.00	0.00	4.52	0.00	0.00	0.00	0.00	0.00	0.00	0.00	0.00	0.00	0.00	0.00	0.00	11.31	0.00	303.17	0.00	0.00	0.00	0.00	0.00	0.00	0.00	0.00	11.31	9.05	0.00	0.00	0.00	0.00	0.00	0.00	0.00	2.26	0.00	524.89	6.79	0.00	0.00	0.00	0.00	47.51	0.00	11.31	0.00	2.26	0.00	15.84	0.00	18.10	0.00	0.00	0.00	0.00	11.31	13.57	0.00	0.00	0.00	0.00	0.00	0.00	6.79	0.00	0.00	0.00	0.00	0.00	0.00
150.5	0.00	0.00	6.56	0.00	0.00	0.00	0.00	0.00	0.00	0.00	0.00	0.00	0.00	0.00	0.00	8.75	0.00	201.31	0.00	0.00	0.00	0.00	0.00	2.19	0.00	0.00	10.94	2.19	0.00	0.00	0.00	0.00	0.00	0.00	0.00	2.19	0.00	658.64	0.00	0.00	0.00	2.19	0.00	30.63	2.19	19.69	0.00	0.00	0.00	15.32	0.00	6.56	0.00	0.00	0.00	0.00	2.19	10.94	0.00	0.00	0.00	0.00	0.00	0.00	17.51	0.00	0.00	0.00	0.00	0.00	0.00
155.5	0.00	0.00	12.20	0.00	0.00	0.00	0.00	0.00	2.44	0.00	0.00	0.00	0.00	0.00	0.00	31.71	0.00	292.68	0.00	0.00	0.00	0.00	0.00	0.00	0.00	0.00	7.32	9.76	0.00	0.00	0.00	0.00	0.00	0.00	0.00	9.76	0.00	492.68	0.00	0.00	0.00	0.00	0.00	31.71	4.88	14.63	4.88	4.88	0.00	29.27	2.44	12.20	0.00	0.00	0.00	0.00	4.88	9.76	2.44	0.00	0.00	0.00	0.00	0.00	19.51	0.00	0.00	0.00	0.00	0.00	0.00
160.5	0.00	0.00	12.82	0.00	0.00	0.00	0.00	0.00	0.00	0.00	0.00	0.00	0.00	0.00	0.00	10.26	0.00	341.03	0.00	0.00	0.00	0.00	0.00	0.00	0.00	0.00	7.69	2.56	0.00	0.00	0.00	0.00	0.00	0.00	0.00	0.00	0.00	420.51	0.00	0.00	0.00	0.00	0.00	56.41	5.13	43.59	0.00	2.56	0.00	38.46	0.00	12.82	0.00	0.00	0.00	0.00	10.26	17.95	2.56	0.00	0.00	0.00	0.00	0.00	15.38	0.00	0.00	0.00	0.00	0.00	0.00
165.5	0.00	0.00	9.43	0.00	0.00	4.72	0.00	0.00	2.36	0.00	0.00	0.00	0.00	0.00	0.00	18.87	0.00	370.28	0.00	0.00	0.00	0.00	0.00	0.00	0.00	0.00	16.51	4.72	0.00	0.00	0.00	2.36	0.00	0.00	0.00	0.00	0.00	431.60	0.00	0.00	0.00	0.00	0.00	44.81	7.08	28.30	0.00	2.36	0.00	21.23	0.00	7.08	0.00	0.00	0.00	0.00	7.08	4.72	0.00	0.00	0.00	0.00	0.00	0.00	16.51	0.00	0.00	0.00	0.00	0.00	0.00
170.5	0.00	0.00	17.41	0.00	0.00	0.00	0.00	0.00	4.98	0.00	0.00	0.00	0.00	0.00	0.00	12.44	0.00	340.80	0.00	0.00	0.00	0.00	0.00	0.00	0.00	0.00	27.36	4.98	0.00	0.00	0.00	0.00	0.00	0.00	0.00	4.98	0.00	375.62	2.49	0.00	0.00	0.00	0.00	104.48	9.95	19.90	4.98	4.98	0.00	9.95	0.00	12.44	0.00	0.00	0.00	0.00	9.95	14.93	0.00	0.00	0.00	0.00	0.00	0.00	17.41	0.00	0.00	0.00	0.00	0.00	0.00
175.5	0.00	0.00	5.71	0.00	0.00	0.00	0.00	0.00	2.86	0.00	0.00	0.00	0.00	0.00	0.00	14.29	0.00	411.43	0.00	0.00	0.00	0.00	0.00	0.00	0.00	0.00	11.43	8.57	0.00	0.00	0.00	0.00	0.00	0.00	0.00	5.71	0.00	254.29	8.57	0.00	0.00	0.00	0.00	160.00	5.71	28.57	0.00	5.71	0.00	0.00	0.00	8.57	0.00	0.00	0.00	0.00	5.71	17.14	0.00	0.00	0.00	0.00	0.00	0.00	45.71	0.00	0.00	0.00	0.00	0.00	0.00
180.5	0.00	2.58	28.35	0.00	0.00	0.00	0.00	0.00	2.58	0.00	0.00	0.00	0.00	0.00	0.00	33.51	0.00	381.44	0.00	0.00	0.00	0.00	0.00	0.00	0.00	0.00	18.04	2.58	0.00	0.00	0.00	0.00	0.00	0.00	0.00	2.58	0.00	213.92	0.00	0.00	0.00	0.00	0.00	126.29	15.46	92.78	0.00	2.58	0.00	20.62	0.00	0.00	0.00	0.00	0.00	0.00	0.00	28.35	5.15	0.00	0.00	0.00	0.00	0.00	23.20	0.00	0.00	0.00	0.00	0.00	0.00
185.5	0.00	2.59	7.77	0.00	0.00	5.18	0.00	0.00	0.00	0.00	0.00	0.00	0.00	0.00	0.00	31.09	0.00	386.01	0.00	0.00	0.00	0.00	0.00	0.00	0.00	0.00	12.95	2.59	0.00	0.00	0.00	0.00	0.00	0.00	0.00	7.77	0.00	259.07	7.77	0.00	0.00	0.00	0.00	113.99	5.18	41.45	0.00	2.59	0.00	28.50	0.00	2.59	0.00	0.00	0.00	0.00	7.77	36.27	2.59	0.00	0.00	0.00	0.00	0.00	36.27	0.00	0.00	0.00	0.00	0.00	0.00
190.5	0.00	2.58	5.17	0.00	0.00	0.00	0.00	0.00	2.58	0.00	0.00	0.00	0.00	0.00	0.00	31.01	0.00	421.19	0.00	0.00	0.00	0.00	0.00	2.58	0.00	0.00	23.26	7.75	0.00	0.00	0.00	0.00	0.00	0.00	0.00	0.00	0.00	294.57	2.58	0.00	0.00	0.00	0.00	62.02	5.17	41.34	0.00	0.00	0.00	25.84	0.00	2.58	0.00	0.00	0.00	0.00	7.75	23.26	0.00	0.00	0.00	0.00	0.00	0.00	38.76	0.00	0.00	0.00	0.00	0.00	0.00
195.5	0.00	2.44	17.07	0.00	0.00	4.88	0.00	0.00	7.32	0.00	0.00	0.00	0.00	0.00	0.00	60.98	0.00	295.12	0.00	0.00	0.00	0.00	0.00	0.00	0.00	0.00	24.39	4.88	0.00	0.00	0.00	2.44	2.44	0.00	0.00	7.32	0.00	326.83	4.88	0.00	0.00	0.00	0.00	87.80	12.20	46.34	0.00	7.32	0.00	26.83	0.00	2.44	0.00	0.00	0.00	0.00	2.44	24.39	0.00	0.00	0.00	0.00	0.00	0.00	29.27	0.00	0.00	0.00	0.00	0.00	0.00
200.5	0.00	0.00	9.09	0.00	0.00	3.03	3.03	0.00	9.09	0.00	0.00	0.00	0.00	0.00	0.00	21.21	0.00	260.61	0.00	0.00	0.00	0.00	0.00	0.00	0.00	0.00	12.12	12.12	0.00	0.00	0.00	0.00	0.00	0.00	0.00	12.12	0.00	348.48	0.00	0.00	0.00	6.06	0.00	151.52	15.15	57.58	0.00	3.03	3.03	18.18	0.00	3.03	0.00	0.00	0.00	3.03	6.06	24.24	0.00	0.00	0.00	0.00	0.00	0.00	18.18	0.00	0.00	0.00	0.00	0.00	0.00
205.5	0.00	2.75	16.53	0.00	0.00	2.75	0.00	0.00	2.75	0.00	0.00	0.00	0.00	0.00	0.00	30.30	0.00	280.99	0.00	0.00	0.00	0.00	0.00	0.00	0.00	0.00	13.77	19.28	0.00	0.00	0.00	2.75	0.00	0.00	0.00	2.75	0.00	446.28	8.26	0.00	0.00	0.00	0.00	35.81	13.77	38.57	2.75	0.00	0.00	19.28	0.00	5.51	0.00	0.00	0.00	0.00	5.51	24.79	0.00	0.00	0.00	0.00	0.00	0.00	24.79	0.00	0.00	0.00	0.00	0.00	0.00
210.5	0.00	0.00	21.22	0.00	0.00	2.65	0.00	0.00	7.96	0.00	0.00	0.00	0.00	0.00	0.00	42.44	0.00	289.12	0.00	0.00	0.00	0.00	0.00	0.00	0.00	0.00	26.53	21.22	0.00	0.00	0.00	7.96	2.65	0.00	0.00	10.61	0.00	331.56	0.00	0.00	0.00	0.00	0.00	92.84	13.26	18.57	0.00	5.31	0.00	26.53	0.00	2.65	0.00	0.00	0.00	0.00	0.00	42.44	2.65	0.00	0.00	0.00	0.00	0.00	31.83	0.00	0.00	0.00	0.00	0.00	0.00
216.5	0.00	0.00	4.54	0.00	0.00	2.27	2.27	0.00	2.27	0.00	0.00	0.00	0.00	2.27	0.00	88.44	0.00	240.36	0.00	0.00	0.00	0.00	0.00	0.00	0.00	0.00	20.41	11.34	0.00	0.00	0.00	0.00	0.00	0.00	0.00	11.34	0.00	410.43	2.27	0.00	0.00	0.00	0.00	45.35	9.07	36.28	2.27	0.00	0.00	31.75	0.00	6.80	0.00	0.00	0.00	0.00	4.54	36.28	0.00	0.00	0.00	0.00	0.00	0.00	29.48	0.00	0.00	0.00	0.00	0.00	0.00
220.5	0.00	0.00	10.84	0.00	0.00	0.00	0.00	0.00	2.71	0.00	0.00	0.00	0.00	0.00	0.00	46.07	0.00	333.33	0.00	0.00	0.00	0.00	0.00	0.00	0.00	0.00	18.97	21.68	0.00	0.00	0.00	0.00	8.13	0.00	0.00	8.13	0.00	319.78	0.00	0.00	0.00	0.00	0.00	105.69	18.97	21.68	0.00	5.42	0.00	40.65	0.00	2.71	0.00	0.00	0.00	2.71	2.71	8.13	0.00	0.00	0.00	0.00	0.00	0.00	21.68	0.00	0.00	0.00	0.00	0.00	0.00
225.5	0.00	5.52	2.76	0.00	0.00	2.76	2.76	0.00	5.52	0.00	0.00	0.00	0.00	0.00	0.00	190.61	0.00	287.29	0.00	0.00	0.00	0.00	0.00	0.00	0.00	0.00	13.81	24.86	0.00	0.00	0.00	0.00	0.00	0.00	0.00	11.05	0.00	287.29	0.00	0.00	0.00	0.00	0.00	55.25	16.57	19.34	0.00	2.76	0.00	16.57	0.00	5.52	0.00	0.00	0.00	0.00	2.76	13.81	0.00	0.00	0.00	0.00	0.00	0.00	33.15	0.00	0.00	0.00	0.00	0.00	0.00
230.5	0.00	0.00	8.09	0.00	0.00	0.00	0.00	0.00	2.70	0.00	0.00	0.00	0.00	0.00	0.00	231.81	0.00	242.59	0.00	0.00	0.00	0.00	0.00	0.00	0.00	0.00	26.95	35.04	0.00	0.00	0.00	0.00	0.00	0.00	0.00	13.48	0.00	307.28	5.39	0.00	0.00	0.00	0.00	24.26	13.48	8.09	0.00	5.39	0.00	21.56	0.00	18.87	0.00	0.00	0.00	0.00	5.39	21.56	0.00	0.00	0.00	0.00	0.00	0.00	8.09	0.00	0.00	0.00	0.00	0.00	0.00
235.5	0.00	2.91	2.91	0.00	0.00	0.00	0.00	0.00	0.00	0.00	0.00	0.00	0.00	0.00	0.00	223.84	0.00	331.40	0.00	0.00	0.00	0.00	0.00	0.00	0.00	0.00	46.51	55.23	0.00	0.00	0.00	0.00	0.00	0.00	0.00	8.72	0.00	255.81	0.00	0.00	0.00	0.00	0.00	20.35	29.07	5.81	0.00	0.00	0.00	5.81	0.00	8.72	0.00	0.00	0.00	0.00	0.00	2.91	0.00	0.00	0.00	0.00	0.00	0.00	0.00	0.00	0.00	0.00	0.00	0.00	0.00
240.5	0.00	2.87	0.00	0.00	0.00	5.75	0.00	0.00	2.87	0.00	0.00	0.00	0.00	0.00	0.00	189.66	0.00	250.00	0.00	0.00	0.00	0.00	0.00	0.00	0.00	0.00	37.36	34.48	0.00	0.00	0.00	2.87	11.49	0.00	0.00	14.37	0.00	330.46	8.62	0.00	0.00	0.00	0.00	28.74	34.48	17.24	0.00	0.00	0.00	14.37	0.00	8.62	0.00	0.00	0.00	0.00	0.00	5.75	0.00	0.00	0.00	0.00	0.00	0.00	0.00	0.00	0.00	0.00	0.00	0.00	0.00
250.5	0.00	0.00	0.00	0.00	0.00	0.00	0.00	0.00	0.00	0.00	0.00	0.00	0.00	0.00	0.00	180.56	0.00	286.11	0.00	0.00	0.00	0.00	0.00	0.00	0.00	0.00	55.56	27.78	0.00	0.00	0.00	0.00	8.33	0.00	0.00	13.89	0.00	394.44	2.78	0.00	0.00	0.00	0.00	16.67	0.00	2.78	0.00	0.00	0.00	2.78	0.00	8.33	0.00	0.00	0.00	0.00	0.00	0.00	0.00	0.00	0.00	0.00	0.00	0.00	0.00	0.00	0.00	0.00	0.00	0.00	0.00
255.5	0.00	0.00	5.36	0.00	0.00	2.68	0.00	0.00	5.36	0.00	0.00	0.00	0.00	0.00	0.00	182.31	0.00	278.82	0.00	0.00	0.00	0.00	0.00	0.00	0.00	0.00	37.53	21.45	0.00	0.00	0.00	0.00	18.77	0.00	0.00	16.09	0.00	361.93	10.72	0.00	0.00	0.00	0.00	26.81	5.36	8.04	0.00	2.68	0.00	8.04	0.00	0.00	0.00	0.00	0.00	0.00	0.00	2.68	0.00	0.00	0.00	0.00	0.00	0.00	5.36	0.00	0.00	0.00	0.00	0.00	0.00
260.5	0.00	0.00	0.00	0.00	2.43	2.43	0.00	0.00	2.43	0.00	0.00	0.00	0.00	0.00	0.00	187.35	0.00	270.07	0.00	0.00	0.00	0.00	0.00	0.00	0.00	0.00	63.26	31.63	0.00	0.00	0.00	2.43	12.17	0.00	0.00	21.90	0.00	335.77	2.43	0.00	0.00	0.00	0.00	31.63	7.30	4.87	0.00	2.43	0.00	14.60	2.43	0.00	0.00	0.00	0.00	0.00	0.00	0.00	0.00	0.00	0.00	0.00	0.00	0.00	2.43	0.00	0.00	0.00	0.00	0.00	0.00
265.5	0.00	0.00	2.79	0.00	0.00	0.00	0.00	0.00	2.79	0.00	0.00	0.00	0.00	0.00	0.00	178.77	0.00	287.71	0.00	0.00	0.00	0.00	0.00	0.00	0.00	0.00	50.28	72.63	0.00	0.00	0.00	8.38	36.31	0.00	0.00	8.38	0.00	290.50	0.00	0.00	0.00	0.00	0.00	19.55	8.38	8.38	0.00	2.79	0.00	11.17	0.00	2.79	0.00	0.00	0.00	0.00	2.79	2.79	0.00	0.00	0.00	0.00	0.00	0.00	2.79	0.00	0.00	0.00	0.00	0.00	0.00
270.5	0.00	5.00	5.00	0.00	0.00	0.00	0.00	0.00	7.50	0.00	0.00	0.00	0.00	0.00	0.00	117.50	0.00	255.00	0.00	0.00	0.00	0.00	0.00	0.00	0.00	0.00	72.50	20.00	0.00	0.00	0.00	0.00	20.00	0.00	0.00	17.50	0.00	362.50	0.00	0.00	0.00	0.00	0.00	32.50	10.00	17.50	0.00	0.00	0.00	25.00	0.00	5.00	0.00	0.00	0.00	0.00	12.50	0.00	0.00	0.00	0.00	0.00	0.00	0.00	15.00	0.00	0.00	0.00	0.00	0.00	0.00
275.5	0.00	0.00	10.84	0.00	2.71	0.00	2.71	0.00	2.71	0.00	0.00	0.00	0.00	0.00	0.00	149.05	0.00	279.13	0.00	0.00	0.00	0.00	0.00	0.00	0.00	0.00	48.78	37.94	0.00	0.00	0.00	0.00	21.68	0.00	0.00	29.81	0.00	341.46	0.00	0.00	0.00	0.00	0.00	18.97	5.42	10.84	5.42	0.00	0.00	18.97	0.00	2.71	0.00	0.00	0.00	0.00	0.00	2.71	0.00	0.00	0.00	0.00	0.00	0.00	8.13	0.00	0.00	0.00	0.00	0.00	0.00
280.5	0.00	0.00	5.12	0.00	0.00	7.67	0.00	0.00	5.12	0.00	0.00	0.00	0.00	0.00	0.00	120.20	0.00	301.79	0.00	0.00	0.00	0.00	0.00	0.00	0.00	0.00	46.04	43.48	0.00	0.00	0.00	2.56	20.46	0.00	0.00	12.79	0.00	317.14	0.00	0.00	0.00	0.00	0.00	15.35	12.79	7.67	7.67	0.00	0.00	43.48	0.00	2.56	0.00	0.00	0.00	0.00	0.00	7.67	0.00	0.00	0.00	0.00	0.00	0.00	20.46	0.00	0.00	0.00	0.00	0.00	0.00
285.5	0.00	0.00	2.62	0.00	0.00	2.62	0.00	0.00	13.12	0.00	0.00	0.00	0.00	0.00	0.00	199.48	0.00	257.22	0.00	0.00	0.00	0.00	0.00	0.00	0.00	0.00	83.99	34.12	0.00	0.00	0.00	0.00	34.12	0.00	0.00	26.25	0.00	244.09	5.25	0.00	0.00	0.00	0.00	21.00	10.50	23.62	0.00	2.62	0.00	18.37	0.00	2.62	0.00	0.00	0.00	0.00	0.00	5.25	0.00	0.00	0.00	0.00	0.00	0.00	13.12	0.00	0.00	0.00	0.00	0.00	0.00
290.5	0.00	0.00	5.52	0.00	2.76	2.76	0.00	0.00	8.29	0.00	0.00	0.00	0.00	0.00	0.00	151.93	0.00	270.72	0.00	0.00	0.00	0.00	0.00	0.00	0.00	0.00	85.64	52.49	0.00	0.00	0.00	8.29	19.34	0.00	0.00	27.62	0.00	243.09	5.52	0.00	0.00	0.00	0.00	52.49	24.86	2.76	0.00	0.00	0.00	11.05	0.00	0.00	0.00	0.00	0.00	0.00	5.52	5.52	0.00	0.00	0.00	0.00	0.00	0.00	13.81	0.00	0.00	0.00	0.00	0.00	0.00
294.5	0.00	0.00	5.54	0.00	0.00	0.00	0.00	0.00	2.77	0.00	0.00	0.00	0.00	0.00	0.00	182.83	0.00	257.62	0.00	0.00	0.00	0.00	0.00	0.00	0.00	0.00	69.25	69.25	0.00	0.00	0.00	0.00	44.32	0.00	0.00	24.93	0.00	285.32	0.00	0.00	0.00	0.00	0.00	8.31	5.54	5.54	2.77	2.77	0.00	11.08	0.00	2.77	0.00	0.00	0.00	0.00	2.77	2.77	0.00	0.00	0.00	0.00	0.00	0.00	13.85	0.00	0.00	0.00	0.00	0.00	0.00
300.5	0.00	0.00	0.00	0.00	0.00	0.00	0.00	0.00	13.42	0.00	0.00	0.00	0.00	0.00	0.00	161.07	0.00	161.07	0.00	0.00	0.00	0.00	0.00	0.00	0.00	0.00	33.56	46.98	0.00	0.00	0.00	13.42	13.42	0.00	0.00	40.27	0.00	395.97	0.00	0.00	0.00	0.00	0.00	26.85	20.13	26.85	0.00	0.00	0.00	13.42	0.00	6.71	0.00	0.00	0.00	0.00	0.00	6.71	0.00	0.00	0.00	0.00	0.00	0.00	20.13	0.00	0.00	0.00	0.00	0.00	0.00
305.5	0.00	0.00	10.70	0.00	0.00	0.00	5.35	0.00	13.37	0.00	0.00	0.00	0.00	0.00	0.00	163.10	0.00	251.34	0.00	0.00	0.00	0.00	0.00	0.00	0.00	0.00	32.09	32.09	0.00	0.00	0.00	0.00	2.67	0.00	0.00	16.04	0.00	409.09	8.02	0.00	0.00	0.00	0.00	10.70	0.00	10.70	0.00	8.02	0.00	8.02	0.00	5.35	0.00	0.00	0.00	0.00	0.00	2.67	0.00	0.00	0.00	0.00	0.00	0.00	10.70	0.00	0.00	0.00	0.00	0.00	0.00
310.5	0.00	0.00	5.56	0.00	0.00	0.00	0.00	0.00	8.33	0.00	0.00	0.00	0.00	0.00	0.00	158.33	0.00	247.22	0.00	0.00	0.00	0.00	0.00	0.00	0.00	0.00	72.22	36.11	0.00	0.00	0.00	2.78	0.00	0.00	0.00	22.22	0.00	350.00	11.11	0.00	0.00	0.00	0.00	13.89	8.33	19.44	0.00	5.56	0.00	8.33	0.00	19.44	0.00	0.00	0.00	0.00	2.78	2.78	0.00	0.00	0.00	0.00	0.00	0.00	5.56	0.00	0.00	0.00	0.00	0.00	0.00
315.5	0.00	0.00	5.45	0.00	0.00	0.00	0.00	0.00	16.35	0.00	0.00	0.00	0.00	0.00	0.00	174.39	0.00	201.63	0.00	0.00	0.00	0.00	0.00	0.00	0.00	0.00	29.97	70.84	0.00	0.00	0.00	2.72	0.00	0.00	0.00	38.15	0.00	307.90	40.87	0.00	0.00	0.00	0.00	62.67	2.72	8.17	0.00	5.45	0.00	0.00	0.00	19.07	0.00	0.00	0.00	0.00	2.72	2.72	0.00	0.00	0.00	0.00	0.00	0.00	8.17	0.00	0.00	0.00	0.00	0.00	0.00
320.5	0.00	0.00	5.57	0.00	2.79	0.00	0.00	0.00	8.36	0.00	0.00	0.00	0.00	2.79	0.00	214.48	0.00	119.78	0.00	0.00	0.00	0.00	0.00	0.00	0.00	0.00	30.64	47.35	0.00	0.00	0.00	5.57	0.00	0.00	0.00	5.57	0.00	431.75	47.35	0.00	0.00	0.00	0.00	27.86	5.57	13.93	0.00	0.00	0.00	13.93	0.00	8.36	0.00	0.00	0.00	0.00	0.00	2.79	0.00	0.00	0.00	0.00	0.00	0.00	5.57	0.00	0.00	0.00	0.00	0.00	0.00
325.5	0.00	0.00	2.74	0.00	0.00	2.74	0.00	0.00	2.74	0.00	0.00	0.00	0.00	0.00	0.00	243.84	0.00	186.30	0.00	0.00	0.00	0.00	0.00	0.00	0.00	0.00	35.62	153.42	0.00	0.00	0.00	0.00	0.00	0.00	0.00	30.14	0.00	224.66	41.10	0.00	0.00	2.74	0.00	21.92	8.22	16.44	0.00	2.74	0.00	8.22	0.00	5.48	0.00	0.00	0.00	0.00	0.00	2.74	0.00	0.00	0.00	0.00	0.00	0.00	8.22	0.00	0.00	0.00	0.00	0.00	0.00
330.5	0.00	0.00	9.95	0.00	0.00	2.49	0.00	0.00	0.00	0.00	0.00	0.00	0.00	2.49	0.00	114.43	0.00	139.30	0.00	0.00	0.00	0.00	0.00	0.00	0.00	0.00	54.73	84.58	0.00	0.00	0.00	2.49	0.00	0.00	0.00	19.90	0.00	410.45	82.09	0.00	0.00	4.98	0.00	19.90	4.98	17.41	0.00	0.00	0.00	12.44	0.00	2.49	0.00	0.00	0.00	0.00	0.00	4.98	0.00	0.00	0.00	0.00	0.00	0.00	9.95	0.00	0.00	0.00	0.00	0.00	0.00
350.5	0.00	0.00	10.14	0.00	0.00	0.00	0.00	3.38	0.00	0.00	0.00	0.00	0.00	0.00	0.00	148.65	0.00	104.73	0.00	0.00	0.00	0.00	0.00	0.00	0.00	0.00	74.32	43.92	0.00	0.00	0.00	13.51	0.00	0.00	0.00	20.27	0.00	381.76	10.14	0.00	0.00	10.14	0.00	64.19	3.38	67.57	0.00	3.38	0.00	27.03	0.00	6.76	0.00	0.00	0.00	3.38	0.00	3.38	0.00	0.00	0.00	0.00	0.00	0.00	0.00	0.00	0.00	0.00	0.00	0.00	0.00
355.5	0.00	0.00	4.94	0.00	0.00	0.00	0.00	0.00	7.41	0.00	0.00	0.00	0.00	0.00	0.00	367.90	0.00	91.36	0.00	0.00	0.00	0.00	0.00	0.00	4.94	0.00	64.20	51.85	0.00	0.00	0.00	4.94	0.00	0.00	0.00	17.28	0.00	279.01	54.32	0.00	0.00	0.00	0.00	27.16	2.47	9.88	0.00	0.00	0.00	2.47	0.00	2.47	0.00	0.00	0.00	0.00	0.00	2.47	0.00	0.00	0.00	0.00	0.00	0.00	4.94	0.00	0.00	0.00	0.00	0.00	0.00
360.5	0.00	0.00	5.05	0.00	0.00	2.53	0.00	0.00	5.05	0.00	0.00	0.00	0.00	0.00	0.00	186.87	0.00	138.89	0.00	0.00	0.00	0.00	0.00	0.00	0.00	0.00	63.13	63.13	0.00	0.00	0.00	20.20	0.00	0.00	0.00	7.58	0.00	388.89	37.88	0.00	0.00	0.00	0.00	35.35	5.05	15.15	0.00	0.00	0.00	12.63	0.00	5.05	0.00	0.00	0.00	0.00	0.00	2.53	0.00	0.00	0.00	0.00	0.00	0.00	5.05	0.00	0.00	0.00	0.00	0.00	0.00
365.5	0.00	0.00	7.37	0.00	0.00	0.00	0.00	0.00	4.91	0.00	0.00	0.00	0.00	0.00	0.00	191.65	0.00	125.31	0.00	0.00	0.00	0.00	0.00	0.00	0.00	0.00	58.97	49.14	0.00	0.00	0.00	14.74	2.46	0.00	0.00	39.31	0.00	358.72	44.23	0.00	0.00	0.00	0.00	54.05	2.46	19.66	0.00	2.46	0.00	4.91	0.00	4.91	0.00	0.00	0.00	0.00	2.46	2.46	0.00	0.00	0.00	0.00	0.00	0.00	9.83	0.00	0.00	0.00	0.00	0.00	0.00
370.5	0.00	0.00	12.25	0.00	0.00	2.45	0.00	0.00	12.25	0.00	0.00	0.00	0.00	0.00	0.00	269.61	0.00	95.59	0.00	0.00	0.00	0.00	0.00	0.00	0.00	0.00	73.53	29.41	0.00	0.00	0.00	22.06	4.90	0.00	0.00	12.25	0.00	262.25	29.41	0.00	0.00	0.00	0.00	83.33	17.16	24.51	0.00	9.80	0.00	12.25	0.00	4.90	0.00	0.00	0.00	7.35	0.00	0.00	0.00	0.00	0.00	0.00	0.00	0.00	14.71	0.00	0.00	0.00	0.00	0.00	0.00
375.5	0.00	0.00	7.41	0.00	0.00	2.47	0.00	0.00	7.41	0.00	0.00	0.00	0.00	4.94	0.00	175.31	0.00	222.22	0.00	0.00	0.00	0.00	0.00	0.00	0.00	0.00	59.26	37.04	0.00	0.00	0.00	17.28	0.00	0.00	0.00	39.51	0.00	301.23	14.81	0.00	0.00	7.41	0.00	39.51	9.88	7.41	0.00	2.47	0.00	17.28	0.00	7.41	0.00	2.47	0.00	2.47	4.94	7.41	0.00	0.00	0.00	0.00	0.00	0.00	2.47	0.00	0.00	0.00	0.00	0.00	0.00
380.5	0.00	0.00	12.79	0.00	0.00	5.12	0.00	0.00	0.00	0.00	0.00	0.00	0.00	0.00	0.00	150.90	0.00	232.74	0.00	0.00	0.00	0.00	0.00	0.00	0.00	0.00	97.19	40.92	0.00	0.00	0.00	23.02	0.00	0.00	0.00	12.79	0.00	342.71	23.02	0.00	0.00	0.00	0.00	28.13	10.23	2.56	0.00	0.00	0.00	5.12	0.00	2.56	0.00	0.00	0.00	0.00	5.12	2.56	0.00	0.00	0.00	0.00	0.00	0.00	2.56	0.00	0.00	0.00	0.00	0.00	0.00
385.5	0.00	0.00	7.43	0.00	0.00	0.00	0.00	0.00	0.00	0.00	0.00	0.00	0.00	0.00	0.00	69.31	0.00	212.87	0.00	0.00	0.00	0.00	0.00	0.00	0.00	0.00	81.68	79.21	0.00	0.00	0.00	7.43	0.00	0.00	0.00	14.85	0.00	306.93	7.43	0.00	0.00	2.48	0.00	44.55	22.28	29.70	0.00	0.00	0.00	101.49	0.00	0.00	0.00	0.00	0.00	2.48	7.43	2.48	0.00	0.00	0.00	0.00	0.00	0.00	0.00	0.00	0.00	0.00	0.00	0.00	0.00
389.5	0.00	0.00	5.29	0.00	0.00	0.00	0.00	0.00	5.29	0.00	0.00	0.00	0.00	0.00	0.00	97.88	0.00	219.58	0.00	0.00	0.00	0.00	0.00	0.00	0.00	0.00	100.53	129.63	0.00	0.00	0.00	7.94	0.00	0.00	0.00	10.58	0.00	214.29	10.58	0.00	0.00	0.00	0.00	44.97	18.52	18.52	0.00	0.00	0.00	92.59	0.00	2.65	0.00	0.00	0.00	0.00	13.23	5.29	0.00	0.00	0.00	0.00	0.00	0.00	2.65	0.00	0.00	0.00	0.00	0.00	0.00
400.5	0.00	0.00	0.00	0.00	0.00	0.00	0.00	0.00	0.00	0.00	0.00	0.00	0.00	0.00	0.00	181.82	0.00	0.00	0.00	0.00	0.00	0.00	0.00	0.00	0.00	0.00	90.91	181.82	0.00	0.00	0.00	0.00	0.00	0.00	0.00	0.00	0.00	272.73	0.00	0.00	0.00	0.00	0.00	181.82	0.00	0.00	0.00	0.00	0.00	0.00	0.00	0.00	0.00	0.00	0.00	0.00	0.00	0.00	0.00	0.00	0.00	0.00	0.00	0.00	90.91	0.00	0.00	0.00	0.00	0.00	0.00
405.5	0.00	0.00	10.96	0.00	2.74	2.74	0.00	0.00	0.00	0.00	0.00	0.00	0.00	0.00	0.00	298.63	0.00	394.52	0.00	0.00	0.00	0.00	0.00	0.00	0.00	2.74	65.75	35.62	0.00	0.00	0.00	2.74	0.00	0.00	0.00	8.22	0.00	109.59	5.48	0.00	0.00	0.00	0.00	19.18	5.48	2.74	0.00	2.74	0.00	8.22	0.00	21.92	0.00	0.00	0.00	0.00	0.00	0.00	0.00	0.00	0.00	0.00	0.00	0.00	0.00	0.00	0.00	0.00	0.00	0.00	0.00
410.5	0.00	0.00	19.37	0.00	0.00	0.00	0.00	0.00	2.42	0.00	0.00	0.00	0.00	0.00	0.00	184.02	0.00	276.03	0.00	0.00	0.00	0.00	0.00	0.00	0.00	0.00	89.59	33.90	0.00	0.00	0.00	4.84	0.00	0.00	0.00	26.63	0.00	152.54	2.42	0.00	0.00	0.00	0.00	82.32	7.26	16.95	0.00	7.26	0.00	72.64	0.00	16.95	0.00	0.00	0.00	0.00	4.84	0.00	0.00	0.00	0.00	0.00	0.00	0.00	0.00	0.00	0.00	0.00	0.00	0.00	0.00
415.5	0.00	0.00	51.28	0.00	0.00	2.85	0.00	0.00	2.85	0.00	0.00	0.00	0.00	0.00	0.00	401.71	0.00	264.96	0.00	0.00	0.00	0.00	0.00	0.00	0.00	0.00	28.49	31.34	0.00	0.00	0.00	5.70	0.00	0.00	0.00	11.40	0.00	62.68	14.25	0.00	0.00	2.85	0.00	76.92	11.40	2.85	0.00	2.85	0.00	19.94	0.00	2.85	0.00	0.00	0.00	0.00	2.85	0.00	0.00	0.00	0.00	0.00	0.00	0.00	0.00	0.00	0.00	0.00	0.00	0.00	0.00
418.5	0.00	0.00	8.82	0.00	0.00	0.00	0.00	0.00	2.94	0.00	0.00	0.00	0.00	0.00	0.00	191.18	0.00	288.24	0.00	0.00	0.00	0.00	0.00	0.00	0.00	0.00	67.65	88.24	0.00	0.00	0.00	2.94	8.82	0.00	0.00	29.41	0.00	211.76	8.82	0.00	0.00	0.00	0.00	32.35	8.82	8.82	0.00	5.88	0.00	26.47	0.00	5.88	0.00	0.00	0.00	0.00	0.00	0.00	2.94	0.00	0.00	0.00	0.00	0.00	0.00	0.00	0.00	0.00	0.00	0.00	0.00
