stations	Aand	Atax	Btep	Bspo	Iacu	Ipal	Ipar	Ipat	Isph	Istr	Ipli	Ivel	Ijap	Lmac	Mcho	Nlab	Nrig	Ocen	Oisr	Ojan	Olon	Ogig	Pzoh	Pret	Smem	Sdel	Selo	Sram	Sbel	Sben	Sbul	Slaz	Smir	Sgra	Spac	Sspp	Tpel	Pdal	Stri	Imin	Imic	Ibre	Ekar	Bspp	Dubr	Peri	Lspp	Snep	Xxan	Squa	Pnud	Tapp	Tvar	Vcal	Vspi	Pame	Qcon	Psch	Parc	Pkof	Gymn	Eacu	Egra	Edel	Etra	Espp	Sste	Sbif	Cysa	Tvan	Dcha
0.04	0	0	2.350023500235	0	0	0	0	0	0	0	0	0	0	0	0	46.9504695046951	0	377.933779337793	0	0	0	0	0	0	0	0	16.430164301643	11.740117401174	0	0	0	0	0	0	0	0	0	434.274342743427	0	0	0	0	0	42.250422504225	0	16.430164301643	0	0	0	42.250422504225	0	9.39009390093901	0	0	0	0	0	0	0	0	0	0	0	0	0	0	0	0	0	0	0
0.08	0	0	12.050120501205	0	0	0	0	0	3.010030100301	0	0	0	0	0	0	81.3308133081331	0	355.423554235542	0	0	0	0	0	0	0	0	9.04009040090401	18.070180701807	0	0	0	0	0	0	0	0	0	325.30325303253	0	0	0	0	0	36.140361403614	0	3.010030100301	0	0	0	63.2506325063251	0	72.2907229072291	0	3.010030100301	0	0	0	6.02006020060201	0	0	0	0	0	0	0	12.050120501205	0	0	0	0	0
0.12	0	0	0	0	0	0	0	0	0	0	0	0	0	0	0	15.9998400016	0	415.9958400416	0	0	0	0	0	0	0	0	5.32994670053299	10.669893301067	0	0	0	0	0	0	0	0	0	378.666213337867	0	0	0	0	0	23.9997600024	0	18.669813301867	0	0	0	98.6690133098669	0	10.669893301067	0	0	0	0	0	0	0	0	0	0	0	0	0	21.329786702133	0	0	0	0	0
0.16	0	0	10.339896601034	0	0	0	0	0	0	0	0	0	0	0	0	54.2594574054259	0	320.406795932041	0	0	0	0	0	0	0	0	23.259767402326	5.169948300517	0	0	0	0	0	0	0	0	0	351.416485835142	0	0	0	0	0	31.009689903101	0	36.179638203618	0	0	0	105.938940610594	0	25.839741602584	0	0	0	0	0	10.339896601034	0	0	0	0	0	0	0	25.839741602584	0	0	0	0	0
0.2	0	0	9.52009520095201	0	0	3.170031700317	0	0	0	0	0	0	0	0	0	47.620476204762	0	501.595015950159	0	0	0	0	0	0	0	0	22.220222202222	25.40025400254	0	0	0	0	0	0	0	0	0	295.242952429524	0	0	0	0	0	15.870158701587	0	12.70012700127	0	0	0	50.7905079050791	0	0	0	0	0	0	0	0	0	0	0	0	0	0	0	15.870158701587	0	0	0	0	0
0.24	0	0	11.17	0	0	2.79	0	0	2.79	0	0	0	0	0	0	30.73	0	368.72	0	0	0	0	0	0	0	0	13.97	5.59	0	0	0	0	0	0	0	2.79	0	466.48	0	2.79	0	0	0	8.38	0	2.79	0	0	0	33.52	0	33.52	0	0	0	0	0	0	0	0	0	0	0	0	0	13.97	0	0	0	0	0
0.28	0	0	8.92973210803676	0	0	2.97991060268192	0	0	0	0	0	0	0	0	0	26.7891963241103	0	238.092857214284	0	0	0	0	0	0	0	0	26.7891963241103	8.92973210803676	0	0	0	0	0	0	0	0	0	488.085357439277	0	0	0	0	0	14.8795536133916	0	8.92973210803676	0	0	0	71.4278571642851	0	74.397768066958	0	0	0	0	2.97991060268192	0	0	0	0	0	0	0	0	26.7891963241103	0	0	0	0	0
0.32	0	0	5.63	0	0	0	0	0	2.82	0	0	0	0	0	0	47.89	0	200	0	0	0	0	0	0	0	0	5.63	11.27	0	0	0	0	0	0	0	0	0	608.45	0	0	0	0	0	22.54	0	5.63	0	0	0	36.62	0	25.35	0	0	0	0	0	0	0	0	0	0	0	0	0	28.17	0	0	0	0	0
0.36	0	0	6.15006150061501	0	0	0	0	0	0	0	0	0	0	0	0	61.5406154061541	0	212.312123121231	0	0	0	0	0	0	0	0	9.23009230092301	9.23009230092301	0	0	0	0	0	0	0	0	0	550.775507755078	0	0	0	0	0	18.460184601846	0	6.15006150061501	0	0	0	55.3805538055381	0	46.150461504615	0	0	0	0	0	3.080030800308	0	0	0	0	0	0	0	21.540215402154	0	0	0	0	0
0.44	0	0	0	0	0	3.01993960120798	0	0	0	0	0	0	0	0	0	78.5484290314194	0	211.47577048459	0	0	0	0	0	0	0	0	15.1096978060439	15.1096978060439	0	0	0	0	0	0	0	0	0	513.589728205436	0	0	0	0	0	24.1695166096678	0	15.1096978060439	0	0	0	54.3789124217516	0	42.2991540169197	0	0	0	0	0	0	0	0	0	0	0	0	0	27.1894562108758	0	0	0	0	0
0.48	0	2.81	16.85	0	0	5.62	0	0	0	0	0	0	0	0	0	70.22	0	272.47	0	0	0	0	0	0	0	0	8.43	5.62	0	0	0	0	0	0	0	0	0	379.21	0	0	0	0	0	36.52	0	8.43	0	0	0	87.08	0	58.99	0	2.81	0	0	0	0	0	0	0	0	0	0	0	44.94	0	0	0	0	0
0.52	0	0	28.37	0	0	0	0	0	2.36	0	0	0	0	0	0	108.75	0	267.14	0	0	0	0	0	0	0	0	21.28	9.46	0	0	0	0	0	0	0	0	0	354.61	0	0	0	0	0	26	0	16.55	0	0	0	70.92	0	56.74	0	2.36	0	0	0	4.73	0	0	0	0	0	0	0	30.73	0	0	0	0	0
0.56	0	0	179.15	0	0	0	0	0	3.26	0	0	0	0	0	0	71.66	0	325.73	0	0	0	0	0	0	0	0	13.03	13.03	0	0	0	0	0	0	0	0	0	188.93	0	0	0	0	0	22.8	0	45.6	0	3.26	0	58.63	0	58.63	0	3.26	0	0	3.26	0	0	0	0	0	0	0	0	9.77	0	0	0	0	0
0.6	0	0	12.94	0	0	0	0	0	0	0	0	0	0	0	0	51.78	0	459.55	0	0	0	0	0	0	0	0	16.18	16.18	0	0	0	0	0	0	0	0	0	249.19	0	0	0	0	0	22.65	0	9.71	0	0	0	74.43	0	55.02	0	3.24	0	0	0	0	0	0	0	0	0	0	0	29.13	0	0	0	0	0
0.64	0	3.16	18.99	0	0	0	0	0	0	0	0	0	0	0	0	31.65	0	414.56	0	0	0	0	0	0	0	0	9.49	6.33	0	0	0	0	0	0	0	0	0	246.84	0	0	0	0	0	85.44	0	25.32	0	0	0	60.13	0	63.29	0	3.16	0	0	12.66	3.16	0	0	0	0	0	0	0	15.82	0	0	0	0	0
0.68	0	0	6.13018390551717	0	0	0	0	0	3.07009210276308	0	0	0	0	0	0	21.4706441193236	0	386.51159534786	0	0	0	0	0	0	0	0	6.13018390551717	6.13018390551717	0	0	0	0	0	0	0	0	0	417.192515775473	0	0	0	0	0	52.1515645469364	0	6.13018390551717	0	0	0	67.4820244607338	0	18.4005520165605	0	0	0	0	0	0	0	0	0	0	0	0	0	9.20027600828025	0	0	0	0	0
0.72	0	0	3.270032700327	0	0	0	0	0	0	0	0	0	0	0	0	13.070130701307	0	369.283692836928	0	0	0	0	0	0	0	0	6.54006540065401	9.80009800098001	0	0	0	0	0	0	0	0	0	464.054640546405	0	0	0	0	0	49.0204902049021	0	26.140261402614	0	0	0	26.140261402614	0	22.880228802288	0	0	0	0	0	0	0	0	0	0	0	0	0	9.80009800098001	0	0	0	0	0
0.76	0	0	0	0	0	0	0	0	3.04993900121998	0	0	0	0	0	0	9.14981700365993	0	338.403231935361	0	0	0	0	0	0	0	0	6.09987800243995	9.14981700365993	0	0	0	0	0	0	0	3.04993900121998	0	460.360792784144	0	3.04993900121998	0	0	0	79.2684146317074	0	24.3895122097558	0	0	0	33.5393292134157	0	30.4893902121958	0	0	0	0	0	0	0	0	0	0	0	0	0	0	0	0	0	0	0
0.8	0	0	9.26009260092601	0	0	0	0	0	0	0	0	0	0	0	0	27.780277802778	0	487.654876548765	0	0	0	0	0	0	0	0	21.60021600216	3.090030900309	0	0	0	0	0	0	0	0	0	327.163271632716	0	0	0	0	0	30.860308603086	0	21.60021600216	0	0	0	15.430154301543	0	24.690246902469	0	3.090030900309	0	0	0	3.090030900309	0	0	0	0	0	0	0	24.690246902469	0	0	0	0	0
0.84	0	0	2.959970400296	0	0	0	0	0	0	0	0	0	0	0	0	14.789852101479	0	381.656183438166	0	0	0	0	0	0	0	0	11.829881701183	0	0	0	0	0	0	0	0	0	0	461.535384646153	0	0	0	0	0	47.3395266047339	0	5.91994080059199	0	0	0	17.749822501775	0	29.589704102959	0	2.959970400296	0	0	2.959970400296	8.87991120088799	0	0	0	0	0	0	0	11.829881701183	0	0	0	0	0
0.88	0	0	7.85	0	0	0	0	0	2.62	0	0	0	0	0	0	36.65	0	500	0	0	0	0	0	0	0	0	13.09	5.24	0	0	0	0	5.24	0	0	0	0	316.75	0	2.62	0	0	0	34.03	0	7.85	0	0	0	23.56	0	20.94	0	0	0	0	0	10.47	0	0	0	0	0	0	0	13.09	0	0	0	0	0
0.92	0	3.17009510285309	15.8704761142834	0	0	0	0	0	3.17009510285309	0	0	0	0	0	0	19.0505715171455	0	523.825714771443	0	0	0	0	0	0	0	0	15.8704761142834	3.17009510285309	0	0	0	0	0	0	0	0	0	241.27723831715	0	0	0	0	0	34.9210476314289	0	19.0505715171455	0	3.17009510285309	0	25.4007620228607	0	22.2206666199986	0	0	0	0	3.17009510285309	3.17009510285309	0	0	0	0	0	0	0	63.4919047571427	0	0	0	0	0
0.96	0	0	6.27006270062701	0	0	0	0	0	0	0	0	0	0	0	0	6.27006270062701	0	557.995579955799	0	0	0	0	0	0	0	0	21.940219402194	3.130031300313	0	0	0	0	6.27006270062701	0	0	0	0	197.491974919749	0	0	0	0	0	37.620376203762	0	31.350313503135	0	0	0	28.210282102821	0	50.160501605016	0	3.130031300313	0	0	6.27006270062701	12.540125401254	0	0	0	0	0	0	0	31.350313503135	0	0	0	0	0
1	0	0	9.06009060090601	0	0	0	3.020030200302	0	0	0	0	0	0	0	0	9.06009060090601	0	589.125891258913	0	0	0	0	0	0	0	0	6.04006040060401	18.130181301813	0	0	0	0	3.020030200302	0	0	0	0	229.612296122961	0	0	0	0	0	39.270392703927	0	15.110151101511	0	3.020030200302	0	18.130181301813	0	21.150211502115	0	0	0	0	6.04006040060401	0	0	0	0	0	0	0	0	30.210302103021	0	0	0	0	0
1.04	0	0	22.730227302273	0	0	3.250032500325	0	0	0	0	0	0	0	0	0	6.49006490064901	0	535.715357153572	0	0	0	0	0	0	0	0	19.480194801948	6.49006490064901	0	0	0	0	3.250032500325	0	0	3.250032500325	0	204.552045520455	0	0	0	0	0	55.1905519055191	0	29.220292202922	0	0	0	35.710357103571	0	32.470324703247	0	0	0	0	0	6.49006490064901	0	0	0	0	0	0	0	35.710357103571	0	0	0	0	0
1.08	0	0	23.18	0	0	0	0	0	0	0	0	0	0	0	0	23.18	0	470.2	0	0	0	0	0	0	0	0	9.93	16.56	0	0	0	0	3.31	0	0	0	0	288.08	0	0	0	0	0	33.11	0	9.93	0	0	0	29.8	0	19.87	0	0	0	0	3.31	3.31	0	0	0	0	0	0	0	66.23	0	0	0	0	0
1.12	0	0	9.77029310879326	0	0	3.26009780293409	0	0	6.51019530585918	0	0	0	0	0	0	6.51019530585918	0	557.016710501315	0	0	0	0	0	0	0	0	35.831074932248	9.77029310879326	0	0	0	0	6.51019530585918	0	0	0	0	208.476254287629	0	6.51019530585918	0	0	0	35.831074932248	0	9.77029310879326	0	3.26009780293409	0	19.5405862175865	0	22.8006840205206	0	0	0	0	0	9.77029310879326	0	0	0	0	0	0	0	48.8614658439753	0	0	0	0	0
1.16	0	6.62	19.87	0	0	0	0	0	3.31	0	0	0	0	0	0	9.93	0	529.8	0	0	0	0	0	0	0	0	19.87	9.93	0	0	0	0	0	0	0	0	0	208.61	0	0	0	0	0	59.6	0	46.36	0	0	0	23.18	0	16.56	0	0	0	0	0	6.62	0	0	0	0	0	0	0	39.74	0	0	0	0	0
1.2	0	0	18.87	0	0	0	0	0	0	0	0	0	0	0	0	28.3	0	484.28	0	0	0	0	0	0	0	0	12.58	6.29	0	0	0	0	6.29	0	0	0	0	264.15	0	0	0	0	0	34.59	0	31.45	0	12.58	0	18.87	0	9.43	0	0	0	0	0	15.72	0	0	0	0	0	0	0	56.6	0	0	0	0	0
1.24	0	0	0	0	0	0	0	0	0	0	0	0	0	0	0	12.9	0	551.61	0	0	0	0	0	0	0	0	16.13	38.71	0	0	0	0	0	0	0	0	0	216.13	0	0	0	0	0	45.16	0	25.81	0	3.23	0	29.03	0	0	0	6.45	0	0	0	9.68	0	0	0	0	0	0	0	45.16	0	0	0	0	0
1.28	0	0	16.079839201608	0	0	0	0	0	3.219967800322	0	0	0	0	0	0	12.859871401286	0	700.952990470095	0	0	0	0	0	0	3.219967800322	0	19.289807101929	25.719742802572	0	0	0	0	0	0	0	0	0	135.048649513505	0	0	0	0	0	12.859871401286	0	9.64990350096499	0	6.42993570064299	0	6.42993570064299	0	0	0	3.219967800322	0	0	6.42993570064299	9.64990350096499	0	0	0	0	0	0	0	28.939710602894	0	0	0	0	0
1.32	0	0	12.2704908196328	0	0	3.0701228049122	0	0	0	0	0	0	0	0	0	21.4708588343534	0	570.572822912917	0	0	0	0	0	0	0	0	9.20036801472059	21.4708588343534	0	0	0	0	0	0	0	0	0	177.917116684667	0	0	0	0	0	55.2122084883395	0	46.0118404736189	0	6.13024520980839	0	30.671226849074	0	6.13024520980839	0	3.0701228049122	0	0	6.13024520980839	6.13024520980839	0	0	0	0	0	0	0	24.5409816392656	0	0	0	0	0
1.36	0	0	25.6392308230753	0	0	0	0	0	0	0	0	0	0	0	0	9.61971140865774	0	634.600961971141	0	0	0	0	0	0	0	0	6.40980770576883	25.6392308230753	0	0	0	0	0	0	0	0	0	144.225673229803	0	0	0	0	0	64.0980770576883	0	28.8491345259642	0	3.20990370288891	0	25.6392308230753	0	6.40980770576883	0	3.20990370288891	0	0	3.20990370288891	3.20990370288891	0	0	0	0	0	0	0	16.0295191144266	0	0	0	0	0
1.4	0	0	6.57980260592182	0	0	0	0	0	6.57980260592182	0	0	0	0	0	0	19.7394078177655	0	634.850954471366	0	0	0	0	0	0	0	0	26.3192104236873	23.0293091207264	0	0	0	0	0	0	0	0	0	203.943881683549	0	0	0	0	0	19.7394078177655	0	0	0	6.57980260592182	0	3.28990130296091	0	3.28990130296091	0	0	0	0	6.57980260592182	9.86970390888273	0	0	0	0	0	0	0	29.6091117266482	0	0	0	0	0
1.44	0	0	9.97009970099701	0	0	0	0	0	3.320033200332	0	0	0	0	0	0	19.930199301993	0	674.426744267443	0	0	0	0	0	0	0	0	49.8304983049831	46.5104651046511	0	0	0	0	0	0	0	3.320033200332	0	49.8304983049831	0	0	0	0	0	39.870398703987	0	6.64006640066401	0	3.320033200332	0	23.260232602326	0	0	0	0	0	0	3.320033200332	13.290132901329	0	0	0	0	0	0	0	53.1605316053161	0	0	0	0	0
1.48	0	0	6.02018060541816	0	0	3.01009030270908	0	0	3.01009030270908	0	0	0	0	0	0	15.0604518135544	0	457.843735312059	0	0	0	0	0	0	0	0	9.04027120813624	33.1309939298179	0	0	0	0	0	0	0	0	0	286.148584457534	0	0	0	0	0	51.2015360460814	0	12.0503615108453	0	3.01009030270908	0	33.1309939298179	0	36.141084232527	0	0	0	0	0	0	0	0	0	0	0	0	0	51.2015360460814	0	0	0	0	0
1.52	0	0	9.58028740862226	0	0	3.19009570287109	0	0	6.39019170575117	0	0	0	0	0	0	35.141054231627	0	447.293418802564	0	0	0	0	0	0	0	0	15.9704791143734	35.141054231627	0	0	0	0	0	0	0	3.19009570287109	0	274.768243047291	0	0	0	0	0	41.5312459373781	0	6.39019170575117	0	6.39019170575117	0	44.7313419402582	0	25.5607668230047	0	0	0	0	0	0	0	0	0	0	0	0	0	44.7313419402582	0	0	0	0	0
1.56	0	0	8.31008310083101	0	0	0	0	0	2.770027700277	0	0	0	0	0	0	49.860498604986	0	440.444404444044	0	0	0	0	0	0	0	0	13.850138501385	44.320443204432	0	0	0	0	0	0	0	0	0	282.552825528255	0	0	0	0	0	30.470304703047	0	13.850138501385	0	0	0	41.550415504155	0	11.080110801108	0	0	0	0	0	5.540055400554	0	0	0	0	0	0	0	55.4005540055401	0	0	0	0	0
1.6	0	0	3.08993820123598	0	0	0	0	0	3.08993820123598	0	0	0	0	0	0	55.5588888222236	0	429.001419971601	0	0	0	0	0	0	0	0	15.4296914061719	46.2990740185196	0	0	0	0	0	0	0	0	0	320.983580328393	0	0	0	0	0	55.5588888222236	0	6.16987660246795	0	0	0	27.7794444111118	0	9.25981480370393	0	0	0	0	0	9.25981480370393	0	0	0	0	0	0	0	18.5196296074079	0	0	0	0	0
1.64	0	0	9.73990260097399	0	0	3.249967500325	0	0	3.249967500325	0	0	0	0	0	0	58.4394156058439	0	405.835941640584	0	0	0	0	0	0	0	0	29.219707802922	51.949480505195	0	0	0	0	0	0	0	3.249967500325	0	324.676753232468	0	0	0	0	0	35.709642903571	0	12.989870101299	0	0	0	12.989870101299	0	16.229837701623	0	0	0	0	0	0	0	0	0	0	0	0	0	32.469675303247	0	0	0	0	0
1.68	0	2.26995460090798	11.3397732045359	0	0	0	0	0	2.26995460090798	0	0	0	0	0	0	68.0286394272115	0	401.351972960541	0	0	0	0	0	0	0	0	6.79986400271995	31.7493650126997	0	0	0	0	0	0	0	0	0	292.514149717006	0	0	0	0	0	27.2094558108838	0	9.06981860362793	0	0	0	20.4095918081638	0	58.9588208235835	0	0	0	0	2.26995460090798	18.1396372072559	0	0	0	0	0	0	0	47.6190476190476	0	0	0	0	0
1.72	0	3.11993760124798	9.34981300373992	0	0	0	0	0	6.22987540249195	0	0	0	0	0	0	68.5386292274155	0	376.942461150777	0	0	0	0	0	0	0	0	18.6896262074759	49.8390032199356	0	0	0	0	0	0	0	0	0	283.484330313394	0	0	0	0	0	59.1888162236755	0	9.34981300373992	0	0	0	31.1493770124598	0	18.6896262074759	0	3.11993760124798	0	0	3.11993760124798	6.22987540249195	0	0	0	0	0	0	0	52.9589408211836	0	0	0	0	0
1.76	0	2.839971600284	17.049829501705	0	0	0	0	0	5.67994320056799	0	0	0	0	0	0	119.318806811932	0	369.316306836932	0	0	0	0	0	0	0	0	17.049829501705	65.3393466065339	0	0	0	0	2.839971600284	0	0	0	0	284.087159128409	0	0	0	0	0	17.049829501705	0	11.359886401136	0	2.839971600284	0	17.049829501705	0	5.67994320056799	0	0	0	0	0	11.359886401136	0	0	0	0	0	0	0	51.1394886051139	0	0	0	0	0
1.8	0	0	8.10008100081001	0	0	0	0	0	4.050040500405	0	0	0	0	0	0	210.532105321053	0	425.10425104251	0	0	0	0	0	0	0	0	24.290242902429	60.7306073060731	0	0	0	0	0	0	0	0	0	129.551295512955	0	0	0	0	0	16.190161901619	0	20.240202402024	0	4.050040500405	0	20.240202402024	0	4.050040500405	0	0	0	0	0	0	0	0	0	0	0	0	0	72.8707287072871	0	0	0	0	0
1.84	0	0	5.81005810058101	0	2.910029100291	0	0	0	0	0	0	0	0	0	0	142.441424414244	0	343.023430234302	0	0	0	0	0	0	0	0	14.530145301453	90.1209012090121	0	0	0	0	2.910029100291	0	0	0	0	244.192441924419	0	0	0	0	0	43.60043600436	0	5.81005810058101	0	2.910029100291	0	40.70040700407	0	14.530145301453	0	2.910029100291	0	0	0	0	0	0	0	0	0	0	0	43.60043600436	0	0	0	0	0
1.88	0	0	9.43009430094301	0	0	0	0	0	0	0	0	0	0	0	0	248.432484324843	0	320.753207532075	0	0	0	0	0	0	0	0	12.580125801258	103.771037710377	0	0	0	0	0	0	0	0	0	166.671666716667	0	0	0	0	0	25.160251602516	0	9.43009430094301	0	0	0	34.590345903459	0	18.870188701887	0	3.140031400314	0	0	6.29006290062901	6.29006290062901	0	0	0	0	0	0	0	34.590345903459	0	0	0	0	0
1.92	0	0	12.080120801208	0	0	0	0	0	3.020030200302	0	0	0	0	0	0	151.061510615106	0	401.814018140181	0	0	0	0	0	0	0	0	6.04006040060401	69.4906949069491	0	0	0	0	0	0	0	0	0	202.422024220242	0	6.04006040060401	0	0	0	21.150211502115	0	12.080120801208	0	0	0	15.110151101511	0	27.190271902719	0	3.020030200302	0	0	3.020030200302	3.020030200302	0	0	0	0	0	0	0	63.4406344063441	0	0	0	0	0
1.96	0	0	2.890028900289	0	0	0	0	0	2.890028900289	0	0	0	0	0	0	199.421994219942	0	341.043410434104	0	0	0	0	0	0	0	0	20.230202302023	89.6008960089601	0	0	0	0	5.78005780057801	0	0	2.890028900289	0	222.542225422254	0	0	0	0	0	34.680346803468	0	11.560115601156	0	2.890028900289	0	17.340173401734	0	14.450144501445	0	0	0	0	0	5.78005780057801	0	0	0	0	0	0	0	26.010260102601	0	0	0	0	0
2	0	0	2.519974800252	0	0	2.519974800252	0	0	2.519974800252	0	0	0	0	0	0	224.177758222418	0	382.866171338287	0	0	0	0	0	0	0	0	30.229697703023	68.0093199068009	0	0	0	0	2.519974800252	0	0	0	0	219.137808621914	0	0	0	0	0	7.55992440075599	0	2.519974800252	0	2.519974800252	0	25.189748102519	0	2.519974800252	0	0	0	0	0	0	0	0	0	0	0	0	0	25.189748102519	0	0	0	0	0
2.04	0	0	6.21012420248405	0	0	0	0	0	2.07004140082802	0	0	0	0	0	0	163.563271265425	0	445.138902778056	0	0	0	0	0	0	0	0	16.5603312066241	113.872277445549	0	0	0	0	0	0	0	2.07004140082802	0	196.693933878678	0	0	0	0	0	8.28016560331207	0	2.07004140082802	0	0	0	16.5603312066241	0	8.28016560331207	0	0	0	0	0	0	0	0	0	0	0	0	0	18.6303726074521	0	0	0	0	0
2.08	0	0	0	0	0	0	0	0	0	0	0	0	0	0	0	323.816476329527	0	361.907238144763	0	0	0	0	0	0	0	0	25.4005080101602	123.812476249525	0	0	0	0	3.17006340126803	0	0	0	0	117.462349246985	0	0	0	0	0	3.17006340126803	0	12.7002540050801	0	0	0	9.52019040380807	0	0	0	0	0	0	0	3.17006340126803	0	0	0	0	0	0	0	15.8703174063481	0	0	0	0	0
2.12	0	0	2.85994280114398	0	0	0	0	0	2.85994280114398	0	0	0	0	0	0	185.706285874283	0	442.85114297714	0	0	0	0	0	0	0	0	11.4297714045719	74.2885142297154	0	0	0	0	2.85994280114398	0	0	0	0	219.995600087998	0	0	0	0	0	22.8595428091438	0	8.56982860342793	0	0	0	0	0	11.4297714045719	0	0	0	0	0	0	0	0	0	0	0	0	0	14.2897142057159	0	0	0	0	0
2.16	0	0	6.02	0	0	3.01	0	0	3.01	0	0	0	0	0	0	213.86	0	412.65	0	0	0	0	0	0	0	0	15.06	99.4	0	0	0	0	3.01	0	0	0	0	162.65	0	0	0	0	0	39.16	0	12.05	0	0	0	12.05	0	12.05	0	0	0	0	0	0	0	0	0	0	0	0	0	6.02	0	0	0	0	0
2.2	0	0	3.570035700357	0	0	1.780017800178	0	0	0	0	0	0	0	0	0	147.951479514795	0	508.025080250802	0	0	0	0	0	0	0	0	16.040160401604	99.8209982099821	0	0	0	0	8.91008910089101	0	0	0	0	171.121711217112	0	0	0	0	0	1.780017800178	0	0	0	0	0	23.170231702317	0	12.480124801248	0	0	0	0	0	0	0	0	0	0	0	0	0	5.350053500535	0	0	0	0	0
2.24	0	0	17.4396512069759	0	0	2.90994180116398	0	0	0	0	0	0	0	0	0	156.976860462791	0	453.480930381392	0	0	0	0	0	0	0	0	26.1594768104638	78.4884302313954	0	0	0	0	2.90994180116398	0	0	0	0	136.627267454651	0	0	0	0	0	23.2595348093038	0	8.71982560348793	0	0	0	17.4396512069759	0	40.6991860162797	0	2.90994180116398	0	0	2.90994180116398	5.80988380232395	0	0	0	0	0	0	0	23.2595348093038	0	0	0	0	0
2.28	0	0	2.16	0	0	0	0	0	2.16	0	0	0	0	0	0	190.06	0	356.37	0	0	0	0	0	0	0	0	12.96	105.83	0	0	0	0	2.16	0	0	0	0	306.7	0	0	0	0	0	0	0	0	0	0	0	15.12	0	2.16	0	0	0	0	0	0	0	0	0	0	0	0	0	4.32	0	0	0	0	0
2.32	0	0	2.959970400296	0	0	2.959970400296	0	0	0	0	0	0	0	0	0	248.517514824852	0	319.526804731953	0	0	0	0	0	0	0	0	17.749822501775	59.1694083059169	0	0	0	0	5.91994080059199	0	0	0	0	295.857041429586	0	0	0	0	0	14.789852101479	0	5.91994080059199	0	0	0	2.959970400296	0	14.789852101479	0	0	0	0	0	0	0	0	0	0	0	0	0	8.87991120088799	0	0	0	0	0
2.36	0	1.880018800188	0	0	0	0	0	0	0	0	0	0	0	0	0	333.963339633396	0	307.693076930769	0	0	0	0	0	0	0	0	13.130131301313	91.9309193091931	0	0	0	0	9.38009380093801	0	0	3.750037500375	0	180.111801118011	0	0	0	0	0	11.260112601126	0	0	0	0	0	20.640206402064	0	13.130131301313	0	0	0	0	0	0	0	0	0	0	0	0	0	13.130131301313	0	0	0	0	0
2.4	0	0	0	0	0	0	0	0	0	0	0	0	0	0	0	338.866502275415	0	405.224434153285	0	0	0	0	0	0	0	0	7.10691445640625	130.330185842305	0	0	0	0	0	0	0	2.3656301998757	0	82.9373909905575	0	0	0	0	0	2.3656301998757	0	0	0	0	0	11.8481987129368	0	18.955113169343	0	0	0	0	0	0	0	0	0	0	0	0	0	0	0	0	0	0	0
2.44	0	0	2.980029800298	0	0	0	0	0	0	0	0	0	0	0	0	273.812738127381	0	255.952559525595	0	0	0	0	0	0	0	0	8.93008930089301	68.4506845068451	0	0	0	0	8.93008930089301	0	0	0	0	309.523095230952	0	0	0	0	0	8.93008930089301	0	8.93008930089301	0	0	0	11.90011900119	0	23.810238102381	0	0	0	0	0	5.95005950059501	0	0	0	0	0	0	0	11.90011900119	0	0	0	0	0
2.48	0	2.429975700243	0	0	0	0	0	0	2.429975700243	0	0	0	0	0	0	123.788762112379	0	305.826941730583	0	0	0	0	0	0	0	0	7.27992720072799	75.2392476075239	0	0	0	0	4.84995150048499	0	0	2.429975700243	0	402.905970940291	0	0	0	0	0	21.839781602184	0	2.429975700243	0	0	0	12.139878601214	0	19.419805801942	0	0	0	0	4.84995150048499	2.429975700243	0	0	0	0	0	0	0	9.70990290097099	0	0	0	0	0
2.52	0	0	0	0	0	0	0	0	0	0	0	0	0	0	0	109.468905310947	0	310.646893531065	0	0	0	0	0	0	0	0	5.91994080059199	73.9592604073959	0	0	0	0	8.87991120088799	0	0	0	0	440.825591744083	0	0	0	0	0	8.87991120088799	0	11.829881701183	0	0	0	2.959970400296	0	5.91994080059199	0	0	0	0	0	8.87991120088799	0	0	0	0	0	0	0	11.829881701183	0	0	0	0	0
2.56	0	0	6.07993920060799	0	0	0	0	0	0	0	0	0	0	0	0	158.048419515805	0	313.066869331307	0	0	0	0	0	0	0	0	18.239817601824	63.8293617063829	0	0	0	0	3.039969600304	0	0	0	0	322.186778132219	0	0	0	0	0	36.469635303647	0	18.239817601824	0	0	0	12.159878401216	0	12.159878401216	0	3.039969600304	0	0	6.07993920060799	9.11990880091199	0	0	0	0	0	0	0	18.239817601824	0	0	0	0	0
2.6	0	0	0	0	0	2.84994300113998	0	0	0	0	0	0	0	0	0	205.12589748205	0	367.512649747005	0	0	0	0	0	0	0	0	31.3393732125358	65.5286894262115	0	0	0	0	5.69988600227995	0	0	2.84994300113998	0	230.765384692306	0	0	0	0	0	37.0392592148157	0	2.84994300113998	0	0	0	8.54982900341993	0	14.2497150056999	0	0	0	0	0	0	0	0	0	0	0	0	0	25.6394872102558	0	0	0	0	0
2.64	0	0	0	0	0	0	0	0	0	0	0	0	0	0	0	245	0	487.5	0	0	0	0	0	0	0	0	22.5	30	0	0	0	0	7.5	0	0	0	0	100	0	0	0	0	0	32.5	2.5	5	0	2.5	0	17.5	0	12.5	0	2.5	0	0	2.5	0	0	0	0	0	0	0	0	30	0	0	0	0	0
2.68	0	0	3.28	0	0	0	0	0	0	0	0	0	0	0	0	173.77	0	363.93	0	0	0	0	0	0	0	0	29.51	52.46	0	0	0	0	26.23	0	0	0	0	278.69	0	3.28	0	0	0	22.95	0	6.56	0	0	0	16.39	0	9.84	0	0	0	0	0	0	0	0	0	0	0	0	0	13.11	0	0	0	0	0
2.72	0	2.47990080396784	2.47990080396784	0	0	0	0	0	0	0	0	0	0	0	0	153.463861445542	0	465.33138674453	0	0	0	0	0	0	0	0	29.6988120475181	34.6486140554378	0	0	0	0	22.2791088356466	0	0	2.47990080396784	0	205.441782328707	0	0	0	0	0	42.0783168673253	0	4.94980200791968	0	0	0	12.3795048198072	0	12.3795048198072	0	0	0	0	4.94980200791968	2.47990080396784	0	0	0	0	0	0	0	2.47990080396784	0	0	0	0	0
2.76	0	0	6.57993420065799	0	0	0	0	0	3.289967100329	0	0	0	0	0	0	203.947960520395	0	374.9962500375	0	0	0	0	0	0	0	0	42.759572404276	65.7893421065789	0	0	0	0	13.159868401316	0	0	3.289967100329	0	200.657993420066	0	0	0	0	0	36.179638203618	0	3.289967100329	0	0	0	13.159868401316	0	23.029769702303	0	0	0	0	3.289967100329	0	0	0	0	0	0	0	0	6.57993420065799	0	0	0	0	0
2.8	0	0	3.09993800123998	0	0	9.28981420371592	0	0	0	0	0	0	0	0	0	133.127337453251	0	356.032879342413	0	0	0	0	0	0	0	0	24.7695046099078	43.3391332173357	0	0	0	0	3.09993800123998	0	0	0	0	393.182136357273	0	0	0	0	0	12.3797524049519	0	0	0	0	0	9.28981420371592	0	9.28981420371592	0	0	0	0	0	0	0	0	0	0	0	0	0	3.09993800123998	0	0	0	0	0
2.84	0	0	0	0	0	0	0	0	2.24	0	0	0	0	0	0	118.57	0	387.02	0	0	0	0	0	0	0	0	29.08	40.27	0	0	0	0	4.47	0	0	2.24	0	375.84	0	0	0	0	0	11.19	0	2.24	0	0	0	13.42	0	6.71	0	0	0	0	0	0	0	0	0	0	0	0	0	6.71	0	0	0	0	0
2.88	0	0	0	0	0	0	0	0	0	0	0	0	0	0	0	99.6890031099689	0	417.445825541745	0	0	0	0	0	0	0	0	31.149688503115	43.609563904361	0	0	0	0	15.579844201558	0	0	0	0	352.016479835202	0	0	0	0	0	12.459875401246	0	3.119968800312	0	0	0	15.579844201558	0	0	0	0	0	0	0	0	0	0	0	0	0	0	0	9.34990650093499	0	0	0	0	0
2.92	0	0	2.95994080118398	0	0	0	0	0	0	0	0	0	0	0	0	85.7982840343193	0	384.612307753845	0	0	0	0	0	0	0	0	35.4992900141997	47.3390532189356	0	0	0	0	17.7496450070999	0	0	5.91988160236795	0	334.313313733725	0	2.95994080118398	0	0	0	20.7095858082838	0	8.87982240355193	0	0	0	14.7897042059159	0	8.87982240355193	0	0	0	0	0	2.95994080118398	0	0	0	0	0	0	0	26.6294674106518	0	0	0	0	0
2.96	0	0	2.9999700003	0	0	0	0	0	6.00993990060099	0	0	0	0	0	0	105.108948910511	0	396.39603603964	0	0	0	0	0	0	0	0	42.039579604204	69.0693093069069	0	0	0	0	21.019789802102	0	0	0	0	321.316786832132	0	0	0	0	0	18.019819801802	0	2.9999700003	0	0	0	6.00993990060099	0	6.00993990060099	0	0	0	0	0	0	0	0	0	0	0	0	0	2.9999700003	0	0	0	0	0
3	0	0	8.87973360799176	0	0	2.95991120266392	0	0	5.91982240532784	0	0	0	0	0	0	121.296361109167	0	381.648550543484	0	0	0	0	0	0	0	0	38.458846234613	68.0479585612431	0	0	0	0	17.7494675159745	0	0	2.95991120266392	0	301.770946871594	0	0	0	0	0	26.6292011239663	0	5.91982240532784	0	0	0	2.95991120266392	0	8.87973360799176	0	0	0	0	0	0	0	0	0	0	0	0	0	5.91982240532784	0	0	0	0	0
3.04	0	0	0	0	0	4.85014550436513	0	0	4.85014550436513	0	0	0	0	0	0	116.503495104853	0	402.92208766263	0	0	0	0	0	0	0	0	38.831164934948	60.6818204546136	0	0	0	0	21.8406552196566	0	0	7.2802184065522	0	259.717791533746	0	0	0	0	0	21.8406552196566	0	9.71029130873926	0	2.43007290218707	0	31.5509465283959	0	4.85014550436513	0	0	0	0	0	0	0	0	0	0	0	0	0	12.1403642109263	0	0	0	0	0
3.08	0	0	0	0	0	0	0	0	8.38	0	0	0	0	0	0	125.7	0	424.58	0	0	0	0	0	0	0	0	58.66	58.66	0	0	0	0	33.52	0	0	0	0	153.63	0	0	0	0	0	39.11	0	5.59	0	0	0	25.14	0	16.76	0	2.79	0	0	0	11.17	0	0	0	0	0	0	0	36.31	0	0	0	0	0
3.12	0	0	0	0	0	5.41	0	0	5.41	0	0	0	0	0	0	83.78	0	397.3	0	0	0	0	0	0	0	0	32.43	64.86	0	0	0	0	24.32	0	0	0	0	305.41	0	0	0	0	0	21.62	0	10.81	0	0	0	21.62	0	8.11	0	0	0	0	0	8.11	0	0	0	0	0	0	0	10.81	0	0	0	0	0
3.16	0	0	0	0	0	2.92008760262808	0	0	2.92008760262808	0	0	0	0	0	0	111.113333400002	0	385.971579147374	0	0	0	0	0	0	0	0	43.8613158394752	76.0222806684201	0	0	0	0	40.9412282368471	0	0	2.92008760262808	0	274.858245747372	0	2.92008760262808	0	0	0	17.5405262157865	0	5.85017550526516	0	2.92008760262808	0	14.6204386131584	0	2.92008760262808	0	0	0	0	0	0	0	0	0	0	0	0	0	11.7003510105303	0	0	0	0	0
3.2	0	0	3.109968900311	0	0	0	0	0	0	0	0	0	0	0	0	152.168478315217	0	363.346366536335	0	0	0	0	0	0	0	0	37.269627303727	74.5292547074529	0	0	0	0	49.6895031049689	0	0	3.109968900311	0	267.077329226708	0	3.109968900311	0	0	0	6.20993790062099	0	0	0	0	0	9.31990680093199	0	9.31990680093199	0	0	0	0	0	0	0	0	0	0	0	0	0	21.739782602174	0	0	0	0	0
3.24	0	2.770027700277	0	0	0	2.770027700277	0	0	2.770027700277	0	0	0	0	0	0	130.191301913019	0	390.583905839058	0	0	0	0	0	0	0	0	55.4005540055401	102.491024910249	0	0	0	0	58.1705817058171	0	0	2.770027700277	0	177.291772917729	0	0	0	0	0	5.540055400554	0	13.850138501385	0	0	0	22.160221602216	0	5.540055400554	0	0	0	0	0	0	0	0	0	0	0	0	0	27.70027700277	0	0	0	0	0
3.28	0	0	12.3496295111147	0	0	0	0	0	3.08990730278092	0	0	0	0	0	0	104.936851894443	0	416.657500274992	0	0	0	0	0	0	0	0	40.1187964361069	61.7281481555553	0	0	0	0	114.196574102777	0	0	3.08990730278092	0	166.665000049998	0	0	0	0	0	3.08990730278092	0	9.25972220833375	0	0	0	27.7791666250013	0	6.16981490555283	0	3.08990730278092	0	0	0	0	0	0	0	0	0	0	0	27.7791666250013	0	0	0	0	0
3.32	0	0	8.04016080321606	0	0	0	0	0	8.04016080321606	0	0	0	0	0	0	112.602252045041	0	345.846916938339	0	0	0	0	0	0	0	0	34.8506970139403	131.372627452549	0	0	0	0	58.9811796235925	0	0	5.36010720214404	0	201.07402148043	0	0	0	0	0	18.7703754075082	0	18.7703754075082	0	0	0	40.2108042160843	0	5.36010720214404	0	0	0	0	2.68005360107202	0	0	0	0	0	0	0	0	8.04016080321606	0	0	0	0	0
3.36	0	0	2.36009440377615	0	2.36009440377615	0	0	0	11.8204728189128	0	0	0	0	0	0	132.395295811832	0	297.881915276611	0	0	0	0	0	0	0	0	40.1916076643066	130.02520100804	0	0	0	0	54.3721748869955	0	0	2.36009440377615	0	250.60002400096	0	0	0	0	0	14.1805672226889	0	2.36009440377615	0	2.36009440377615	0	18.9107564302572	0	11.8204728189128	0	0	0	0	2.36009440377615	0	0	4.7301892075683	0	0	0	0	0	18.9107564302572	0	0	0	0	0
3.4	0	0	9.17	0	0	0	0	0	6.12	0	0	0	0	0	0	113.15	0	272.17	0	0	0	0	0	0	0	0	45.87	155.96	0	0	0	0	51.99	0	0	3.06	0	238.53	0	6.12	0	0	0	18.35	0	9.17	0	3.06	0	21.41	0	15.29	0	0	0	0	0	0	0	3.06	0	0	0	0	0	27.52	0	0	0	0	0
3.44	0	0	0	0	0	0	0	0	9.22990770092299	0	0	0	0	0	0	132.308676913231	0	267.687323126769	0	0	0	0	0	0	3.079969200308	0	52.309476905231	147.688523114769	0	0	0	0	58.4594154058459	0	0	9.22990770092299	0	193.848061519385	0	0	0	0	0	27.689723102769	0	15.379846201538	0	9.22990770092299	0	33.849661503385	0	9.22990770092299	0	3.079969200308	0	0	3.079969200308	3.079969200308	0	0	0	0	0	0	0	21.539784602154	0	0	0	0	0
3.48	0	0	2.659973400266	0	0	0	0	0	7.97992020079799	0	0	0	0	0	0	101.058989410106	0	247.337526624734	0	0	0	0	0	0	0	0	39.889601103989	140.958590414096	0	0	0	0	55.8494415055849	0	0	0	0	252.657473425266	0	0	0	0	0	23.939760602394	0	21.279787202128	0	7.97992020079799	0	47.869521304787	0	18.619813801862	0	2.659973400266	0	0	0	0	0	5.31994680053199	0	0	0	0	0	23.939760602394	0	0	0	0	0
3.52	0	0	2.82005640112802	0	0	0	0	0	0	0	0	0	0	0	0	93.2218644372887	0	237.294745894918	0	0	0	0	0	0	0	0	36.7207344146883	172.323446468929	0	0	0	0	59.3211864237285	0	0	11.3002260045201	0	240.114802296046	0	0	0	0	0	31.0706214124282	0	31.0706214124282	0	5.65011300226005	0	42.3708474169483	0	0	0	0	0	0	2.82005640112802	0	0	5.65011300226005	0	0	0	0	0	28.2505650113002	0	0	0	0	0
3.56	0	0	5.88017640529216	0	0	2.94008820264608	0	0	8.82026460793824	0	0	0	0	0	0	100.003000090003	0	294.128823864716	0	0	0	0	0	0	0	0	41.1812354370631	114.713441403242	0	0	0	0	35.291058731762	0	0	0	0	311.769353080592	0	2.94008820264608	0	0	0	17.6505295158855	0	5.88017640529216	0	11.7603528105843	0	11.7603528105843	0	11.7603528105843	0	0	0	0	0	8.82026460793824	0	5.88017640529216	0	0	0	0	0	8.82026460793824	0	0	0	0	0
3.6	0	0	2.459975400246	0	0	0	0	0	7.38992610073899	0	0	0	0	0	0	88.6691133088669	0	300.486995130049	0	0	0	0	0	0	2.459975400246	0	39.409605903941	137.928620713793	0	0	0	0	17.239827601724	0	0	2.459975400246	0	280.787192128079	0	7.38992610073899	0	0	0	14.779852201478	0	17.239827601724	0	12.319876801232	0	36.949630503695	0	12.319876801232	0	0	0	0	2.459975400246	4.92995070049299	0	0	0	0	0	0	0	12.319876801232	0	0	0	0	0
3.64	0	0	3.11990640280792	0	0	0	0	0	3.11990640280792	0	0	0	0	0	0	84.1074767756967	0	283.481495555133	0	0	0	0	0	0	0	0	34.2689719308421	155.75532734018	0	0	0	0	15.5795326140216	0	0	12.4596262112137	0	302.170934871954	0	3.11990640280792	0	0	0	46.7285981420557	0	18.6894393168205	0	9.34971950841475	0	21.8093457196284	0	0	0	3.11990640280792	0	0	3.11990640280792	0	0	0	0	0	0	0	0	0	0	0	0	0	0
