stations	Aand	Atax	Btep	Bspo	Iacu	Ipal	Ipar	Ipat	Isph	Istr	Ipli	Ivel	Ijap	Lmac	Mcho	Nlab	Nrig	Ocen	Oisr	Ojan	Olon	Ogig	Pzoh	Pret	Smem	Sdel	Selo	Sram	Sbel	Sben	Sbul	Slaz	Smir	Sgra	Spac	Sspp	Tpel	Pdal	Stri	Imin	Imic	Ibre	Ekar	Bspp	Dubr	Peri	Lspp	Snep	Xxan	Squa	Pnud	Tapp	Tvar	Vcal	Vspi	Pame	Qcon	Psch	Parc	Pkof	Gymn	Eacu	Egra	Edel	Etra	Espp	Sste	Sbif	Cysa	Tvan	Dcha
0	0	0	22.3	0	0	0	0	0	0	0	0	0	0	0	0	242	0	245.2	0	0	0	0	0	0	0	0	63.7	3.2	0	0	0	0	0	0	0	3.2	0	398.1	0	0	0	0	0	3.2	0	0	0	0	0	0	0	19.1	0	0	0	0	0	0	0	0	0	0	0	0	0	0	0	0	0	0	0
0.02	0	0	9.70194038807761	0	3.20064012802561	0	0	0	3.20064012802561	0	0	0	0	0	0	240.348069613923	0	214.342868573715	0	0	0	0	0	0	0	0	35.7071414282857	0	0	0	0	0	0	0	0	16.2032406481296	0	389.677935587117	0	0	0	0	0	71.4142828565713	0	0	0	0	0	3.20064012802561	0	13.002600520104	0	0	0	0	0	0	0	0	0	0	0	0	0	0	0	0	0	0	0
0.04	0	0	9.2990700929907	0	3.0996900309969	3.0996900309969	3.0996900309969	0	3.0996900309969	0	0	0	0	0	0	188.281171882812	0	286.971302869713	0	0	0	0	0	0	0	0	43.1956804319568	18.4981501849815	0	0	0	0	0	0	0	9.2990700929907	0	410.45895410459	0	0	0	0	0	15.3984601539846	0	0	0	0	0	0	0	6.1993800619938	0	0	0	0	0	0	0	0	0	0	0	0	0	0	0	0	0	0	0
0.06	0	6.1993800619938	12.2987701229877	0	9.2990700929907	3.0996900309969	12.2987701229877	0	3.0996900309969	0	0	0	0	0	0	145.085491450855	0	197.480251974803	0	0	0	0	0	0	0	0	27.7972202779722	0	0	0	0	0	0	0	0	9.2990700929907	0	515.348465153485	0	0	0	0	0	55.5944405559444	0	0	0	0	0	3.0996900309969	0	0	0	0	0	0	0	0	0	0	0	0	0	0	0	0	0	0	0	0	0
0.08	0	0	9.52190037085296	0	0	0	0	0	2.40553272526812	0	0	0	0	0	0	98.1256890848953	0	165.079683271525	0	0	0	0	0	4.81106545053623	0	0	21.5495639971935	7.21659817580435	0	0	0	0	0	0	0	14.3329658213892	0	461.661822191039	0	0	0	0	0	136.313521098527	0	0	0	0	0	35.8825298185827	0	35.8825298185827	0	0	0	0	0	7.21659817580435	0	0	0	0	0	0	0	0	0	0	0	0	0
0.1	0	0	17.996400719856	0	0	0	0	0	0	0	0	0	0	0	0	218.556288742252	0	260.447910417916	0	0	0	0	0	0	0	0	50.8898220355929	20.995800839832	0	0	0	0	0	0	0	0	0	413.117376524695	0	0	0	0	0	5.99880023995201	0	0	0	0	0	0	0	11.997600479904	0	0	0	0	0	0	0	0	0	0	0	0	0	0	0	0	0	0	0
0.12	0	2.60599378570713	2.60599378570713	0	2.60599378570713	5.11175704119475	2.60599378570713	0	12.8295078680966	0	0	0	0	0	0	138.819284354014	0	200.46106043901	0	0	0	0	0	0	0	0	10.323744612609	15.4355016538037	0	0	0	0	0	0	0	23.1532524807056	0	465.169890748722	0	0	0	0	0	66.8537636564097	0	0	0	0	0	10.323744612609	0	33.3767665630951	0	0	0	0	0	7.71775082690187	0	0	0	0	0	0	0	0	0	0	0	0	0
0.14	0	2.40625626629236	4.9127732103469	0	0	4.9127732103469	2.40625626629236	0	9.8255464206938	0	0	0	0	0	0	132.34409464608	0	159.314216964107	0	0	0	0	0	2.40625626629236	0	0	9.8255464206938	4.9127732103469	0	0	0	0	0	0	0	12.2318026869862	0	480.449167836375	0	0	0	0	0	127.431321435733	0	0	0	0	0	14.7383196310407	0	14.7383196310407	0	0	0	0	0	17.1445758973331	0	0	0	0	0	0	0	0	0	0	0	0	0
0.16	0	2.80842527582748	8.52557673019057	0	8.52557673019057	2.80842527582748	2.80842527582748	0	19.8595787362086	0	0	0	0	0	0	147.743229689067	0	329.588766298897	0	0	0	0	0	0	0	0	51.1534603811434	14.2427281845537	0	0	0	0	2.80842527582748	0	0	8.52557673019057	0	355.165496489468	0	0	0	0	0	36.9107321965898	0	0	0	0	0	0	0	5.71715145436309	0	0	0	0	0	2.80842527582748	0	0	0	0	0	0	0	0	0	0	0	0	0
0.18	0	0	3.2996700329967	0	0	16.3983601639836	6.5993400659934	0	13.0986901309869	0	0	0	0	0	0	117.988201179882	0	281.971802819718	0	0	0	0	0	0	0	0	36.0963903609639	3.2996700329967	0	0	0	0	0	0	0	16.3983601639836	0	458.954104589541	0	0	0	0	0	29.4970502949705	0	0	0	0	0	0	0	16.3983601639836	0	0	0	0	0	0	0	0	0	0	0	0	0	0	0	0	0	0	0
0.2	0	0	3.2996700329967	0	3.2996700329967	0	3.2996700329967	0	3.2996700329967	0	0	0	0	0	0	137.286271372863	0	303.869613038696	0	0	0	0	0	0	0	0	3.2996700329967	3.2996700329967	0	0	0	0	0	0	0	0	0	526.047395260474	0	0	0	0	0	0	0	0	0	0	0	0	0	6.4993500649935	0	0	0	0	0	6.4993500649935	0	0	0	0	0	0	0	0	0	0	0	0	0
0.22	0	0	3.00090027008102	0	3.00090027008102	6.00180054016205	0	0	3.00090027008102	0	0	0	0	0	0	114.834450335101	0	377.713313994198	0	0	0	0	0	0	0	0	18.1054316294888	0	0	0	0	0	3.00090027008102	0	0	6.00180054016205	0	389.816945083525	0	0	0	0	0	51.4154246273882	0	0	0	0	0	6.00180054016205	0	12.1036310893268	0	0	0	0	0	6.00180054016205	0	0	0	0	0	0	0	0	0	0	0	0	0
0.24	0	8.8991100889911	0	0	0	8.8991100889911	0	0	2.999700029997	0	0	0	0	0	0	83.2916708329167	0	366.063393660634	0	0	0	0	0	0	0	0	29.7970202979702	0	0	0	0	0	0	0	0	5.999400059994	0	404.759524047595	0	0	0	0	0	47.5952404759524	0	0	0	0	0	17.8982101789821	0	20.7979202079792	0	0	0	0	0	2.999700029997	0	0	0	0	0	0	0	0	0	0	0	0	0
0.26	0	3.1996800319968	0	0	6.2993700629937	0	3.1996800319968	0	0	0	0	0	0	0	0	85.1914808519148	0	387.961203879612	0	0	0	0	0	0	0	0	18.8981101889811	3.1996800319968	0	0	0	0	0	0	0	3.1996800319968	0	447.855214478552	0	0	0	0	0	40.995900409959	0	0	0	0	0	0	0	0	0	0	0	0	0	0	0	0	0	0	0	0	0	0	0	0	0	0	0
0.28	0	0	6.5	0	0	6.5	8.7	0	2.2	0	0	0	0	0	0	108.7	0	363	0	0	0	0	0	0	0	0	19.6	2.2	0	0	0	0	6.5	0	0	2.2	0	378.3	0	0	0	0	0	71.7	0	0	0	0	0	10.9	0	13	0	0	0	0	0	0	0	0	0	0	0	0	0	0	0	0	0	0	0
0.3	0	0	19.2038407681536	0	8.20164032806561	0	0	0	2.7005401080216	0	0	0	0	0	0	156.631326265253	0	516.603320664133	0	0	0	0	0	0	0	0	8.20164032806561	5.50110022004401	0	0	0	0	0	0	0	2.7005401080216	0	255.551110222044	0	0	0	0	0	0	0	0	0	0	0	16.503300660132	0	8.20164032806561	0	0	0	0	0	0	0	0	0	0	0	0	0	0	0	0	0	0	0
0.32	0	7.70154030806161	7.70154030806161	0	0	7.70154030806161	15.4030806161232	0	11.6023204640928	0	0	0	0	0	0	77.2154430886177	0	328.265653130626	0	0	0	0	0	0	0	0	15.4030806161232	0	0	0	0	0	0	0	0	0	0	420.884176835367	0	0	0	0	0	96.5193038607722	0	0	0	0	0	0	0	11.6023204640928	0	0	0	0	0	0	0	0	0	0	0	0	0	0	0	0	0	0	0
0.34	0	0	5.9	0	2.9	0	0	0	2.9	0	0	0	0	0	0	90.9	0	483.9	0	0	0	0	0	0	0	0	32.3	0	0	0	0	0	8.8	0	0	2.9	0	346	0	0	0	0	0	14.7	0	0	0	0	0	0	0	8.8	0	0	0	0	0	0	0	0	0	0	0	0	0	0	0	0	0	0	0
0.36	0	2.8994201159768	0	0	5.79884023195361	0	5.79884023195361	0	2.8994201159768	0	0	0	0	0	0	69.3861227754449	0	410.317936412717	0	0	0	0	0	5.79884023195361	0	0	11.5976804639072	5.79884023195361	0	0	0	0	5.79884023195361	0	0	0	0	430.513897220556	0	0	0	0	0	20.1959608078384	0	0	0	0	0	0	0	14.497100579884	0	0	0	0	0	8.69826034793041	0	0	0	0	0	0	0	0	0	0	0	0	0
0.38	0	0	6.40128025605121	0	0	3.20064012802561	6.40128025605121	0	9.60192038407681	0	0	0	0	0	0	76.9153830766153	0	342.968593718744	0	0	0	0	0	0	0	0	25.6051210242048	0	0	0	0	0	0	0	0	3.20064012802561	0	461.592318463693	0	0	0	0	0	57.7115423084617	0	0	0	0	0	0	0	3.20064012802561	0	0	0	0	0	3.20064012802561	0	0	0	0	0	0	0	0	0	0	0	0	0
0.4	0	0	7.8	0	0	0	11.6	0	0	0	0	0	0	0	0	112.4	0	500	0	0	0	0	0	0	0	0	11.6	7.8	0	0	0	0	0	0	0	11.6	0	337.2	0	0	0	0	0	0	0	0	0	0	0	0	0	0	0	0	0	0	0	0	0	0	0	0	0	0	0	0	0	0	0	0	0
0.42	0	2.8	5.6	0	2.8	0	2.8	0	11.3	0	0	0	0	0	0	171.8	0	312.7	0	0	0	0	0	11.3	0	0	11.3	2.8	0	0	0	0	2.8	0	0	8.5	0	431	0	0	0	0	0	22.5	0	0	0	0	0	0	0	0	0	0	0	0	0	0	0	0	0	0	0	0	0	0	0	0	0	0	0
0.44	0	0	9.000900090009	0	0	0	0	0	12.001200120012	0	0	0	0	0	0	78.3078307830783	0	346.434643464346	0	0	0	0	0	0	0	0	18.1018101810181	3.000300030003	0	0	0	0	6.000600060006	0	0	6.000600060006	0	515.151515151515	0	0	0	0	0	6.000600060006	0	0	0	0	0	0	0	0	0	0	0	0	0	0	0	0	0	0	0	0	0	0	0	0	0	0	0
0.46	0	3.11088810837933	9.43301555444054	0	0	3.11088810837933	9.43301555444054	0	6.32212744606121	0	0	0	0	0	0	119.919719016558	0	403.9136979428	0	0	0	0	0	0	0	0	31.5102860010035	3.11088810837933	0	0	0	0	6.32212744606121	0	0	0	0	384.947315604616	0	0	0	0	0	15.7551430005018	0	0	0	0	0	0	0	3.11088810837933	0	0	0	0	0	0	0	0	0	0	0	0	0	0	0	0	0	0	0
0.48	0	6.19876024795041	3.09938012397521	0	3.09938012397521	3.09938012397521	12.2975404919016	0	9.19816036792642	0	0	0	0	0	0	79.9840031993601	0	436.812637472505	0	0	0	0	0	0	0	0	30.7938412317536	6.19876024795041	0	0	0	0	15.3969206158768	0	0	0	0	378.424315136973	0	0	0	0	0	15.3969206158768	0	0	0	0	0	0	0	0	0	0	0	0	0	0	0	0	0	0	0	0	0	0	0	0	0	0	0
0.5	0	0	6.52086677367576	0	0	0	6.52086677367576	0	3.21027287319422	0	0	0	0	0	0	58.4871589085072	0	516.252006420546	0	0	0	0	0	0	0	0	25.9831460674157	3.21027287319422	0	3.21027287319422	0	0	0	0	0	9.73113964686998	0	366.873996789727	0	0	0	0	0	0	0	0	0	0	0	0	0	0	0	0	0	0	0	0	0	0	0	0	0	0	0	0	0	0	0	0	0
0.52	0	0	9.7	0	3.2	3.2	9.7	0	0	0	0	0	0	0	0	74.2	0	425.8	0	0	0	0	0	0	0	0	16.1	9.7	0	0	0	0	6.5	0	0	0	0	403.2	0	0	0	0	0	38.7	0	0	0	0	0	0	0	0	0	0	0	0	0	0	0	0	0	0	0	0	0	0	0	0	0	0	0
0.54	0	0	5.3994600539946	0	5.3994600539946	8.1991800819918	13.5986401359864	0	8.1991800819918	0	0	0	0	0	0	165.783421657834	0	358.664133586641	0	0	0	0	0	0	0	0	27.1972802719728	0	0	0	0	0	5.3994600539946	0	0	10.8989101089891	0	377.662233776622	0	0	0	0	0	13.5986401359864	0	0	0	0	0	0	0	0	0	0	0	0	0	0	0	0	0	0	0	0	0	0	0	0	0	0	0
0.56	0	0	9.02527075812274	0	0	9.02527075812274	6.01684717208183	0	12.0336943441637	0	0	0	0	0	0	135.078219013237	0	375.350982751705	0	0	0	0	0	0	0	0	9.02527075812274	15.0421179302046	0	0	0	0	3.00842358604091	0	0	3.00842358604091	0	411.351784997994	0	0	0	0	0	12.0336943441637	0	0	0	0	0	0	0	0	0	0	0	0	0	0	0	0	0	0	0	0	0	0	0	0	0	0	0
0.58	0	3.0996900309969	0	0	9.1990800919908	9.1990800919908	6.1993800619938	0	3.0996900309969	0	0	0	0	0	0	144.585541445855	0	381.461853814619	0	0	0	0	0	0	0	0	27.6972302769723	6.1993800619938	0	0	0	0	6.1993800619938	0	0	3.0996900309969	0	375.362463753625	0	0	0	0	0	24.5975402459754	0	0	0	0	0	0	0	0	0	0	0	0	0	0	0	0	0	0	0	0	0	0	0	0	0	0	0
0.6	0	0	0	0	5.8005800580058	0	5.8005800580058	0	11.7011701170117	0	0	0	0	0	0	125.712571257126	0	421.142114211421	0	0	0	0	0	2.9002900290029	0	0	8.8008800880088	11.7011701170117	0	0	0	0	14.6014601460146	0	0	2.9002900290029	0	350.935093509351	0	0	0	0	0	35.1035103510351	0	0	0	0	0	2.9002900290029	0	0	0	0	0	0	0	0	0	0	0	0	0	0	0	0	0	0	0	0	0
0.62	0	5.31328320802005	13.2330827067669	0	5.31328320802005	7.91979949874687	13.2330827067669	0	21.1528822055138	0	0	0	0	0	0	118.696741854637	0	401.002506265664	0	0	0	0	0	0	0	0	28.9724310776942	2.60651629072682	0	0	0	0	7.91979949874687	0	0	5.31328320802005	0	324.511278195489	0	0	0	0	0	44.812030075188	0	0	0	0	0	0	0	0	0	0	0	0	0	0	0	0	0	0	0	0	0	0	0	0	0	0	0
0.64	0	3.00090027008102	3.00090027008102	0	0	6.10183054916475	0	0	15.2045613684105	0	0	0	0	0	0	158.547564269281	0	375.112533760128	0	0	0	0	0	0	0	0	27.40822246674	12.2036610983295	0	0	0	0	21.3063919175753	0	0	0	0	320.196058817645	0	0	0	0	0	51.815544663399	0	0	0	0	0	6.10183054916475	0	0	0	0	0	0	0	0	0	0	0	0	0	0	0	0	0	0	0	0	0
0.66	0	2.999700029997	2.999700029997	0	0	14.8985101489851	8.999100089991	0	11.8988101189881	0	0	0	0	0	0	161.183881611839	0	352.164783521648	0	0	0	0	0	0	0	0	29.8970102989701	5.999400059994	0	0	0	0	35.7964203579642	0	0	0	0	367.163283671633	0	0	0	0	0	2.999700029997	0	0	0	0	0	2.999700029997	0	0	0	0	0	0	0	0	0	0	0	0	0	0	0	0	0	0	0	0	0
0.68	0	3.00842358604091	14.9418371440032	0	6.01684717208183	6.01684717208183	9.02527075812274	0	20.958684316085	3.00842358604091	0	0	0	0	0	164.661050942639	0	338.2470918572	0	0	0	0	0	0	0	0	23.967107902126	3.00842358604091	0	0	0	0	9.02527075812274	0	0	11.9334135579623	0	347.272362615323	0	0	0	0	0	38.9089450461292	0	0	0	0	0	0	0	0	0	0	0	0	0	0	0	0	0	0	0	0	0	0	0	0	0	0	0
0.7	0	0	8.16614578082468	0	0	0	0	0	16.4331081762274	0	0	0	0	0	0	229.458614779716	0	422.119165238431	0	0	0	0	0	0	0	0	45.0650267164029	4.13348119770138	0	0	0	0	57.3646536949289	0	0	4.13348119770138	0	213.126323218066	0	0	0	0	0	0	0	0	0	0	0	0	0	0	0	0	0	0	0	0	0	0	0	0	0	0	0	0	0	0	0	0	0
0.72	0	0	3.1	0	0	12.5	3.1	0	3.1	0	0	0	0	0	0	187.5	0	293.8	0	0	0	0	0	0	0	0	18.8	3.1	0	0	0	0	18.8	0	0	3.1	0	375	0	0	0	0	0	78.1	0	0	0	0	0	0	0	0	0	0	0	0	0	0	0	0	0	0	0	0	0	0	0	0	0	0	0
0.74	0	0	17.8	0	0	11.8	5.9	0	23.7	0	0	0	0	0	0	236.7	0	307.7	0	0	0	0	0	0	0	0	41.4	11.8	0	0	0	0	35.5	0	0	0	0	301.8	0	0	0	0	0	5.9	0	0	0	0	0	0	0	0	0	0	0	0	0	0	0	0	0	0	0	0	0	0	0	0	0	0	0
0.76	0	0	0	0	12.8012801280128	16.001600160016	3.2003200320032	0	9.6009600960096	0	0	0	0	0	0	272.427242724272	0	291.729172917292	0	0	0	0	0	0	0	0	22.4022402240224	12.8012801280128	0	0	0	0	32.1032103210321	0	0	9.6009600960096	0	310.931093109311	0	0	0	0	0	6.4006400640064	0	0	0	0	0	0	0	0	0	0	0	0	0	0	0	0	0	0	0	0	0	0	0	0	0	0	0
0.78	0	2.7005401080216	0	0	2.7005401080216	5.30106021204241	0	0	5.30106021204241	0	0	0	0	0	0	229.345869173835	0	285.357071414283	0	0	0	0	0	0	0	0	53.3106621324265	13.3026605321064	0	0	0	0	69.3138627725545	0	0	8.00160032006401	0	312.062412482496	0	0	0	0	0	13.3026605321064	0	0	0	0	0	0	0	0	0	0	0	0	0	0	0	0	0	0	0	0	0	0	0	0	0	0	0
0.8	0	0	0	0	0	0	0	0	6.2	0	0	0	0	0	0	253.1	0	333.3	0	0	0	0	0	0	0	0	30.9	12.3	0	0	0	0	24.7	0	0	0	0	296.3	0	0	0	0	0	37	0	0	0	0	0	6.2	0	0	0	0	0	0	0	0	0	0	0	0	0	0	0	0	0	0	0	0	0
0.82	0	0	7.81876503608661	0	2.60625501202887	10.4250200481155	5.21251002405774	0	5.21251002405774	0	0	0	0	0	0	368.785084202085	0	249.2983159583	0	0	0	0	0	0	0	0	33.7810745789896	0	0	0	0	0	15.5372894947875	0	0	5.21251002405774	0	283.079390537289	0	0	0	0	0	13.0312750601443	0	0	0	0	0	0	0	0	0	0	0	0	0	0	0	0	0	0	0	0	0	0	0	0	0	0	0
0.84	0	0	0	0	8.09838032393521	2.6994601079784	2.6994601079784	0	16.0967806438712	0	0	0	0	0	0	368.226354729054	0	236.552689462108	0	0	0	0	0	0	0	0	45.6908618276345	5.39892021595681	0	0	0	0	51.0897820435913	0	0	2.6994601079784	0	236.552689462108	0	0	0	0	0	24.1951609678064	0	0	0	0	0	0	0	0	0	0	0	0	0	0	0	0	0	0	0	0	0	0	0	0	0	0	0
0.86	0	0	0	0	7.2	0	2.4	0	4.8	0	0	0	0	0	0	386.1	0	194.2	0	0	0	0	0	0	0	0	33.6	14.4	0	0	0	0	79.1	0	0	4.8	0	271	0	0	0	0	0	2.4	0	0	0	0	0	0	0	0	0	0	0	0	0	0	0	0	0	0	0	0	0	0	0	0	0	0	0
0.88	0	5.3005300530053	0	0	5.3005300530053	5.3005300530053	7.9007900790079	0	7.9007900790079	0	0	0	0	0	0	489.448944894489	0	195.819581958196	0	0	0	0	0	0	0	0	39.7039703970397	7.9007900790079	0	0	0	0	29.1029102910291	0	0	5.3005300530053	0	198.419841984198	0	0	0	0	0	0	0	0	0	0	0	0	0	2.6002600260026	0	0	0	0	0	0	0	0	0	0	0	0	0	0	0	0	0	0	0
0.9	0	2.9	2.9	0	0	0	0	0	11.7	0	0	0	0	0	0	516	0	177.8	0	0	0	0	0	0	0	0	58.3	2.9	0	0	0	0	105	0	0	11.7	0	110.8	0	0	0	0	0	0	0	0	0	0	0	0	0	0	0	0	0	0	0	0	0	0	0	0	0	0	0	0	0	0	0	0	0
0.92	0	0	2.5002500250025	0	5.1005100510051	10.1010101010101	2.5002500250025	2.5002500250025	12.7012701270127	0	0	0	0	0	0	382.338233823382	0	202.520252025203	0	0	0	0	0	0	0	0	27.8027802780278	10.1010101010101	0	0	0	0	40.5040504050405	0	0	5.1005100510051	0	273.427342734273	0	0	0	0	0	22.8022802280228	0	0	0	0	0	0	0	0	0	0	0	0	0	0	0	0	0	0	0	0	0	0	0	0	0	0	0
0.94	0	0	0	0	8.32247067081119	5.51489020354958	2.80758046726161	0	13.9376316053344	0	0	0	0	0	0	333.299909756342	0	177.780006016244	0	0	0	0	0	8.32247067081119	0	0	24.9674120124336	8.32247067081119	0	0	0	0	36.0974631505064	0	0	13.9376316053344	0	363.882482703299	0	0	0	0	0	2.80758046726161	0	0	0	0	0	0	0	0	0	0	0	0	0	0	0	0	0	0	0	0	0	0	0	0	0	0	0
0.96	0	0	2.90901795566255	0	2.90901795566255	5.81803591132511	5.81803591132511	0	8.72705386698766	0	0	0	0	0	0	409.469355000502	0	160.798475273347	0	0	0	0	0	5.81803591132511	0	0	29.2908014846023	8.72705386698766	0	0	0	0	40.9268733072525	0	0	14.6454007423011	0	286.588424114756	0	0	0	0	0	17.5544186979637	0	0	0	0	0	0	0	0	0	0	0	0	0	0	0	0	0	0	0	0	0	0	0	0	0	0	0
0.98	0	0	12.5	0	15.6	12.5	3.1	0	21.9	0	0	0	0	0	0	409.4	0	184.4	0	0	0	0	0	15.6	0	0	25	0	0	0	0	0	12.5	0	0	3.1	0	190.6	0	0	0	0	0	93.8	0	0	0	0	0	0	0	0	0	0	0	0	0	0	0	0	0	0	0	0	0	0	0	0	0	0	0
1	0	0	0	0	0	0	0	0	0	0	0	0	0	0	0	411.258874112589	0	128.987101289871	0	0	0	0	0	0	0	0	56.4943505649435	0	0	0	0	0	104.789521047895	0	0	8.0991900809919	0	274.172582741726	0	0	0	0	0	8.0991900809919	0	0	0	0	0	0	0	0	0	0	0	0	0	8.0991900809919	0	0	0	0	0	0	0	0	0	0	0	0	0
1.02	0	0	3.31059390048154	0	13.2423756019262	3.31059390048154	0	23.0738362760835	19.7632423756019	3.31059390048154	0	0	0	0	0	518.057784911717	0	138.643659711075	0	0	0	0	0	0	0	0	33.0056179775281	13.2423756019262	0	0	0	0	118.780096308186	0	0	6.62118780096308	0	75.9430176565008	0	0	0	0	0	26.384430176565	0	0	0	0	0	0	0	0	0	0	0	0	0	3.31059390048154	0	0	0	0	0	0	0	0	0	0	0	0	0
1.04	0	0	6.6006600660066	0	3.3003300330033	13.3013301330133	0	0	10.00100010001	0	0	0	0	0	0	455.145514551455	0	172.817281728173	0	0	0	0	0	3.3003300330033	0	0	43.2043204320432	0	0	0	0	0	16.6016601660166	0	0	16.6016601660166	0	196.019601960196	0	0	0	0	0	63.1063106310631	0	0	0	0	0	0	0	0	0	0	0	0	0	0	0	0	0	0	0	0	0	0	0	0	0	0	0
1.06	0	6.30126025205041	0	0	0	6.30126025205041	0	0	12.7025405081016	0	0	0	0	0	0	447.689537907581	0	149.229845969194	0	0	0	0	0	6.30126025205041	0	0	44.4088817763553	3.20064012802561	0	0	0	0	82.5165033006601	0	0	3.20064012802561	0	209.541908381676	0	0	0	0	0	22.2044408881776	0	0	0	0	0	0	0	3.20064012802561	0	0	0	0	0	3.20064012802561	0	0	0	0	0	0	0	0	0	0	0	0	0
1.08	0	0	0	0	2.6997300269973	15.998400159984	2.6997300269973	0	2.6997300269973	0	0	0	0	0	0	499.9500049995	0	163.083691630837	0	0	0	0	0	0	0	0	50.7949205079492	7.999200079992	0	0	0	0	125.687431256874	0	0	10.6989301069893	0	64.1935806419358	0	0	0	0	0	50.7949205079492	0	0	0	0	0	2.6997300269973	0	0	0	0	0	0	0	0	0	0	0	0	0	0	0	0	0	0	0	0	0
1.1	0	0	4.7	0	14.2	14.2	9.5	0	28.4	0	0	0	0	0	0	455	0	194.3	0	0	0	0	0	19	0	0	37.9	4.7	0	0	0	0	0	0	0	9.5	0	165.9	0	0	0	0	0	42.7	0	0	0	0	0	0	0	0	0	0	0	0	0	0	0	0	0	0	0	0	0	0	0	0	0	0	0
1.12	0	0	8.4008400840084	0	12.7012701270127	12.7012701270127	4.2004200420042	0	25.3025302530253	0	0	0	0	0	0	468.446844684468	0	97.009700970097	0	0	0	0	0	0	0	0	50.6050605060506	4.2004200420042	0	0	0	0	67.5067506750675	0	0	25.3025302530253	0	147.714771477148	0	0	0	0	0	75.9075907590759	0	0	0	0	0	0	0	0	0	0	0	0	0	0	0	0	0	0	0	0	0	0	0	0	0	0	0
1.14	0	0	0	0	0	9.6990300969903	0	0	22.6977302269773	0	0	0	0	0	0	556.544345565444	0	139.186081391861	0	0	0	0	0	3.1996800319968	0	0	32.3967603239676	9.6990300969903	0	0	0	0	67.993200679932	0	0	22.6977302269773	0	100.2899710029	0	0	0	0	0	35.5964403559644	0	0	0	0	0	0	0	0	0	0	0	0	0	0	0	0	0	0	0	0	0	0	0	0	0	0	0
1.16	0	0	0	0	3.2003200320032	3.2003200320032	3.2003200320032	0	19.3019301930193	0	0	0	0	0	0	504.850485048505	0	122.212221222122	0	0	0	0	0	0	0	0	25.7025702570257	16.1016101610161	0	0	0	0	38.6038603860386	0	0	6.4006400640064	0	151.115111511151	0	0	0	0	0	106.110611061106	0	0	0	0	0	0	0	0	0	0	0	0	0	0	0	0	0	0	0	0	0	0	0	0	0	0	0
1.18	0	0	0	0	6.6	16.6	3.3	0	29.8	0	0	0	0	0	0	490.1	0	92.7	0	0	0	0	0	3.3	0	0	43	19.9	0	0	0	0	49.7	0	0	0	0	115.9	0	0	0	0	0	129.1	0	0	0	0	0	0	0	0	0	0	0	0	0	0	0	0	0	0	0	0	0	0	0	0	0	0	0
1.2	0	0	9.7990200979902	0	9.7990200979902	0	6.5993400659934	6.5993400659934	68.8931106889311	0	0	0	0	0	0	521.247875212479	0	117.988201179882	0	3.2996700329967	0	0	0	6.5993400659934	0	0	42.5957404259574	6.5993400659934	0	0	0	0	65.5934406559344	0	0	9.7990200979902	0	95.0904909509049	0	0	0	0	0	29.4970502949705	0	0	0	0	0	0	0	0	0	0	0	0	0	0	0	0	0	0	0	0	0	0	0	0	0	0	0
1.22	0	0	80	0	80	20	0	0	40	0	0	0	0	0	0	360	0	100	0	0	0	0	0	20	0	0	20	0	0	0	0	0	80	0	0	0	0	200	0	0	0	0	0	0	0	0	0	0	0	0	0	0	0	0	0	0	0	0	0	0	0	0	0	0	0	0	0	0	0	0	0
1.24	0	0	0	0	0	0	0	0	10.3010301030103	0	0	0	0	0	0	546.454645464547	0	185.618561856186	0	0	0	0	0	10.3010301030103	0	0	20.6020602060206	20.6020602060206	0	0	0	0	10.3010301030103	0	0	0	0	164.916491649165	0	0	0	0	0	30.9030903090309	0	0	0	0	0	0	0	0	0	0	0	0	0	0	0	0	0	0	0	0	0	0	0	0	0	0	0
1.26	0	0	114.277144571086	0	114.277144571086	57.0885822835433	28.5942811437712	0	28.5942811437712	0	0	0	0	0	0	314.237152569486	0	199.9600079984	0	0	0	0	0	0	0	0	28.5942811437712	28.5942811437712	0	0	0	0	0	0	0	28.5942811437712	0	0	0	0	0	0	0	28.5942811437712	0	0	0	0	0	0	0	28.5942811437712	0	0	0	0	0	0	0	0	0	0	0	0	0	0	0	0	0	0	0
1.28	0	0	111.111111111111	0	0	0	0	0	0	0	0	0	0	0	0	444.444444444444	0	148.114811481148	0	0	0	0	0	0	0	0	74.1074107410741	37.003700370037	0	0	0	0	0	0	0	0	0	74.1074107410741	0	0	0	0	0	111.111111111111	0	0	0	0	0	0	0	0	0	0	0	0	0	0	0	0	0	0	0	0	0	0	0	0	0	0	0
1.3	0	0	166.716671667167	0	0	0	83.3083308330833	0	0	0	0	0	0	0	0	333.333333333333	0	250.02500250025	0	0	0	0	0	0	0	0	0	0	0	0	0	0	83.3083308330833	0	0	0	0	83.3083308330833	0	0	0	0	0	0	0	0	0	0	0	0	0	0	0	0	0	0	0	0	0	0	0	0	0	0	0	0	0	0	0	0	0
1.4	0	0	0	0	0	0	0	0	0	0	0	0	0	0	0	250	0	500	0	0	0	0	0	0	0	0	0	0	0	0	0	0	0	0	0	0	0	250	0	0	0	0	0	0	0	0	0	0	0	0	0	0	0	0	0	0	0	0	0	0	0	0	0	0	0	0	0	0	0	0	0
1.42	0	0	133.3	0	0	0	0	0	0	0	0	0	0	0	0	133.3	0	466.7	0	0	0	0	0	0	0	0	0	66.7	0	0	0	0	0	0	0	0	0	133.3	0	0	0	0	0	66.7	0	0	0	0	0	0	0	0	0	0	0	0	0	0	0	0	0	0	0	0	0	0	0	0	0	0	0
1.44	0	0	90.9	0	90.9	72.7	0	0	54.5	0	0	0	0	0	0	127.3	0	272.7	0	0	0	0	0	54.5	0	0	36.4	36.4	0	0	0	0	18.2	0	0	0	0	127.3	0	0	0	0	0	18.2	0	0	0	0	0	0	0	0	0	0	0	0	0	0	0	0	0	0	0	0	0	0	0	0	0	0	0
1.46	0	0	71.4	0	53.6	71.4	0	0	0	0	0	0	0	17.9	0	160.7	0	267.9	0	0	0	0	0	0	0	0	0	107.1	0	0	0	0	0	0	0	35.7	0	214.3	0	0	0	0	0	0	0	0	0	0	0	0	0	0	0	0	0	0	0	0	0	0	0	0	0	0	0	0	0	0	0	0	0
1.48	0	0	280	0	0	0	0	0	40	0	0	0	0	0	0	320	0	200	0	0	0	0	0	0	0	0	40	120	0	0	0	0	0	0	0	0	0	0	0	0	0	0	0	0	0	0	0	0	0	0	0	0	0	0	0	0	0	0	0	0	0	0	0	0	0	0	0	0	0	0	0
1.5	0	0	222.177782221778	0	55.5944405559444	0	0	0	0	0	0	0	0	0	0	55.5944405559444	0	388.861113888611	0	0	0	0	0	0	0	0	0	0	0	0	0	0	0	0	0	0	0	277.772222777722	0	0	0	0	0	0	0	0	0	0	0	0	0	0	0	0	0	0	0	0	0	0	0	0	0	0	0	0	0	0	0	0	0
1.6	0	0	363.636363636364	0	0	0	0	0	0	0	0	0	0	0	0	363.636363636364	0	272.727272727273	0	0	0	0	0	0	0	0	0	0	0	0	0	0	0	0	0	0	0	0	0	0	0	0	0	0	0	0	0	0	0	0	0	0	0	0	0	0	0	0	0	0	0	0	0	0	0	0	0	0	0	0	0
1.7	0	0	250	0	0	0	0	0	0	0	0	0	0	0	0	83.3	0	416.7	0	0	0	0	0	0	0	0	0	166.7	0	0	0	0	0	0	0	0	0	83.3	0	0	0	0	0	0	0	0	0	0	0	0	0	0	0	0	0	0	0	0	0	0	0	0	0	0	0	0	0	0	0	0	0
1.8	0	0	31.493701259748	0	15.7968406318736	3.19936012797441	0	0	3.19936012797441	0	0	0	0	0	0	410.01799640072	0	246.050789842032	0	0	0	0	0	0	0	0	37.8924215156969	9.49810037992401	0	0	0	0	12.5974805038992	0	0	0	0	104.079184163167	0	0	0	0	0	126.174765046991	0	0	0	0	0	0	0	0	0	0	0	0	0	0	0	0	0	0	0	0	0	0	0	0	0	0	0
1.9	0	0	428.557144285571	0	0	0	0	0	0	0	0	0	0	0	0	142.885711428857	0	428.557144285571	0	0	0	0	0	0	0	0	0	0	0	0	0	0	0	0	0	0	0	0	0	0	0	0	0	0	0	0	0	0	0	0	0	0	0	0	0	0	0	0	0	0	0	0	0	0	0	0	0	0	0	0	0
2	0	0	500	0	0	0	0	0	0	0	0	0	0	0	0	0	0	500	0	0	0	0	0	0	0	0	0	0	0	0	0	0	0	0	0	0	0	0	0	0	0	0	0	0	0	0	0	0	0	0	0	0	0	0	0	0	0	0	0	0	0	0	0	0	0	0	0	0	0	0	0
5.4	0	0	457.737321196359	0	33.9101730519156	0	16.9050715214564	16.9050715214564	16.9050715214564	0	0	0	0	0	0	152.545763729119	0	288.186455936781	0	0	0	0	0	0	0	0	0	0	0	0	0	0	0	0	0	0	0	0	0	0	0	0	0	16.9050715214564	0	0	0	0	0	0	0	0	0	0	0	0	0	0	0	0	0	0	0	0	0	0	0	0	0	0	0
5.5	0	0	285.728572857286	0	35.7035703570357	35.7035703570357	35.7035703570357	0	0	0	0	0	0	0	0	71.4071407140714	0	428.642864286429	0	0	0	0	0	0	0	0	0	0	0	0	0	0	0	0	0	0	0	107.110711071107	0	0	0	0	0	0	0	0	0	0	0	0	0	0	0	0	0	0	0	0	0	0	0	0	0	0	0	0	0	0	0	0	0
5.6	0	0	384.6	0	0	0	0	0	0	0	0	0	0	0	0	0	0	615.4	0	0	0	0	0	0	0	0	0	0	0	0	0	0	0	0	0	0	0	0	0	0	0	0	0	0	0	0	0	0	0	0	0	0	0	0	0	0	0	0	0	0	0	0	0	0	0	0	0	0	0	0	0
5.7	0	0	187.5	0	62.5	0	0	0	0	0	0	0	0	0	0	312.5	0	375	0	0	0	0	0	0	0	0	62.5	0	0	0	0	0	0	0	0	0	0	0	0	0	0	0	0	0	0	0	0	0	0	0	0	0	0	0	0	0	0	0	0	0	0	0	0	0	0	0	0	0	0	0	0
5.8	0	0	13.4986501349865	0	22.3977602239776	0	0	4.4995500449955	0	0	0	0	0	0	0	22.3977602239776	0	89.6910308969103	0	0	0	0	0	0	0	0	4.4995500449955	13.4986501349865	0	0	0	0	0	0	0	0	0	4.4995500449955	0	8.999100089991	0	0	0	816.018398160184	0	0	0	0	0	0	0	0	0	0	0	0	0	0	0	0	0	0	0	0	0	0	0	0	0	0	0
6	0	0	694.330566943306	0	0	55.5944405559444	27.7972202779722	0	0	0	0	0	0	0	0	138.886111388861	0	55.5944405559444	0	0	0	0	0	0	0	0	0	27.7972202779722	0	0	0	0	0	0	0	0	0	0	0	0	0	0	0	0	0	0	0	0	0	0	0	0	0	0	0	0	0	0	0	0	0	0	0	0	0	0	0	0	0	0	0
6.1	0	19.6019601960196	451.045104510451	0	58.8058805880588	78.4078407840784	39.2039203920392	0	0	0	0	0	0	0	0	98.009800980098	0	137.313731373137	0	0	0	0	0	0	0	0	0	19.6019601960196	0	0	0	0	0	0	0	0	0	78.4078407840784	0	19.6019601960196	0	0	0	0	0	0	0	0	0	0	0	0	0	0	0	0	0	0	0	0	0	0	0	0	0	0	0	0	0	0	0
6.2	0	0	727.3	0	0	0	0	0	0	0	0	0	0	0	0	0	0	45.5	0	0	0	0	0	0	0	0	22.7	22.7	0	0	0	0	0	0	0	0	0	90.9	0	90.9	0	0	0	0	0	0	0	0	0	0	0	0	0	0	0	0	0	0	0	0	0	0	0	0	0	0	0	0	0	0	0
6.3	0	0	388.822235552889	0	0	0	0	55.5888822235553	0	0	0	0	0	0	0	55.5888822235553	0	388.822235552889	0	0	0	0	0	55.5888822235553	0	0	0	55.5888822235553	0	0	0	0	0	0	0	0	0	0	0	0	0	0	0	0	0	0	0	0	0	0	0	0	0	0	0	0	0	0	0	0	0	0	0	0	0	0	0	0	0	0	0
6.4	0	0	354.2	0	41.7	0	20.8	0	0	0	0	0	0	0	0	20.8	0	312.5	0	0	0	0	0	0	0	0	41.7	41.7	0	0	0	0	0	0	0	0	0	83.3	0	20.8	0	0	0	62.5	0	0	0	0	0	0	0	0	0	0	0	0	0	0	0	0	0	0	0	0	0	0	0	0	0	0	0
6.6	0	0	53.7946205379462	0	15.3984601539846	46.1953804619538	0	0	84.5915408459154	0	0	0	0	0	0	430.756924307569	0	323.067693230677	0	0	0	0	0	7.6992300769923	0	0	0	0	0	0	0	0	23.0976902309769	0	0	7.6992300769923	0	7.6992300769923	0	0	0	0	0	0	0	0	0	0	0	0	0	0	0	0	0	0	0	0	0	0	0	0	0	0	0	0	0	0	0	0	0
7.2	0	0	85.2914708529147	0	9.4990500949905	4.6995300469953	0	0	0	0	0	0	0	0	0	236.976302369763	0	383.861613838616	0	0	0	0	0	0	0	0	42.6957304269573	14.1985801419858	0	0	0	0	0	0	0	0	0	180.08199180082	0	0	0	0	0	42.6957304269573	0	0	0	0	0	0	0	0	0	0	0	0	0	0	0	0	0	0	0	0	0	0	0	0	0	0	0
7.3	0	0	220.1	0	19.3	3.9	7.7	0	15.4	0	0	0	0	0	0	278	0	432.4	0	0	0	0	0	0	0	0	0	3.9	0	0	0	0	0	0	0	0	0	19.3	0	0	0	0	0	0	0	0	0	0	0	0	0	0	0	0	0	0	0	0	0	0	0	0	0	0	0	0	0	0	0	0	0
7.7	0	0	0	0	0	76.9	76.9	0	0	0	0	0	0	0	0	538.5	0	307.7	0	0	0	0	0	0	0	0	0	0	0	0	0	0	0	0	0	0	0	0	0	0	0	0	0	0	0	0	0	0	0	0	0	0	0	0	0	0	0	0	0	0	0	0	0	0	0	0	0	0	0	0	0
7.9	0	0	0	0	200	0	200	0	0	200	0	0	0	0	0	0	0	400	0	0	0	0	0	0	0	0	0	0	0	0	0	0	0	0	0	0	0	0	0	0	0	0	0	0	0	0	0	0	0	0	0	0	0	0	0	0	0	0	0	0	0	0	0	0	0	0	0	0	0	0	0
8.03	0	0	49.9894980046209	0	49.9894980046209	49.9894980046209	49.9894980046209	49.9894980046209	0	0	0	0	0	0	0	300.042007981516	0	350.031505986137	0	0	0	0	0	0	0	0	0	0	0	0	0	0	0	0	0	0	0	49.9894980046209	0	0	0	0	0	49.9894980046209	0	0	0	0	0	0	0	0	0	0	0	0	0	0	0	0	0	0	0	0	0	0	0	0	0	0	0
8.05	0	0	75	0	0	300	25	25	0	0	0	0	0	0	0	225	0	250	0	0	0	0	0	25	0	0	0	0	0	0	0	0	0	0	0	0	0	50	0	0	0	0	0	25	0	0	0	0	0	0	0	0	0	0	0	0	0	0	0	0	0	0	0	0	0	0	0	0	0	0	0
8.07	0	0	31.2874850059976	0	31.2874850059976	156.237504998001	93.7624950019992	0	0	0	0	0	0	0	0	156.237504998001	0	468.612554978009	0	0	0	0	0	0	0	0	31.2874850059976	0	0	0	0	0	0	0	0	0	0	0	0	0	0	0	0	31.2874850059976	0	0	0	0	0	0	0	0	0	0	0	0	0	0	0	0	0	0	0	0	0	0	0	0	0	0	0
8.09	0	0	102.6	0	51.3	76.9	0	25.6	0	0	0	0	0	0	0	230.8	0	487.2	0	0	0	0	0	0	0	0	0	25.6	0	0	0	0	0	0	0	0	0	0	0	0	0	0	0	0	0	0	0	0	0	0	0	0	0	0	0	0	0	0	0	0	0	0	0	0	0	0	0	0	0	0	0
8.11	0	27.002700270027	54.1054105410541	0	27.002700270027	135.113511351135	0	0	0	27.002700270027	0	0	0	0	0	162.216221622162	0	513.551355135514	0	0	0	0	0	0	0	0	27.002700270027	0	0	0	0	0	0	0	0	0	0	27.002700270027	0	0	0	0	0	0	0	0	0	0	0	0	0	0	0	0	0	0	0	0	0	0	0	0	0	0	0	0	0	0	0	0	0
8.13	0	0	100	0	75	300	0	0	25	0	0	0	0	0	0	75	0	350	0	0	0	0	0	0	0	0	0	0	0	0	0	0	0	0	0	0	0	75	0	0	0	0	0	0	0	0	0	0	0	0	0	0	0	0	0	0	0	0	0	0	0	0	0	0	0	0	0	0	0	0	0
8.15	0	0	50	0	0	250	0	0	0	0	0	0	0	0	0	150	0	300	0	0	0	0	0	50	0	0	0	0	0	0	0	0	0	0	0	0	0	200	0	0	0	0	0	0	0	0	0	0	0	0	0	0	0	0	0	0	0	0	0	0	0	0	0	0	0	0	0	0	0	0	0
8.17	0	0	0	0	20.4	40.8	0	20.4	0	0	0	0	0	0	0	183.7	0	693.9	0	0	0	0	0	0	0	0	0	0	0	0	0	0	0	0	0	0	0	40.8	0	0	0	0	0	0	0	0	0	0	0	0	0	0	0	0	0	0	0	0	0	0	0	0	0	0	0	0	0	0	0	0	0
8.19	0	0	0	0	0	35.7	0	0	0	0	0	0	0	0	0	196.4	0	607.1	0	0	0	0	0	0	0	0	0	17.9	0	0	0	0	0	0	0	71.4	0	53.6	0	0	0	0	0	17.9	0	0	0	0	0	0	0	0	0	0	0	0	0	0	0	0	0	0	0	0	0	0	0	0	0	0	0
8.21	0	0	50	0	0	100	0	100	50	0	0	0	0	0	0	200	0	450	0	0	0	0	0	0	0	0	0	0	0	0	0	0	0	0	0	0	0	50	0	0	0	0	0	0	0	0	0	0	0	0	0	0	0	0	0	0	0	0	0	0	0	0	0	0	0	0	0	0	0	0	0
8.23	0	0	71.4071407140714	0	71.4071407140714	35.7035703570357	0	35.7035703570357	35.7035703570357	0	0	0	0	0	0	250.02500250025	0	428.642864286429	0	0	0	0	0	35.7035703570357	0	0	0	0	0	0	0	0	0	0	0	0	0	0	0	0	0	0	0	35.7035703570357	0	0	0	0	0	0	0	0	0	0	0	0	0	0	0	0	0	0	0	0	0	0	0	0	0	0	0
8.25	0	0	52.6052605260526	0	52.6052605260526	210.521052105211	0	0	0	0	0	0	0	0	0	210.521052105211	0	421.142114211421	0	0	0	0	0	0	0	0	0	0	0	0	0	0	0	0	0	52.6052605260526	0	0	0	0	0	0	0	0	0	0	0	0	0	0	0	0	0	0	0	0	0	0	0	0	0	0	0	0	0	0	0	0	0	0	0
8.27	0	0	0	0	0	205.120512051205	25.6025602560256	0	25.6025602560256	0	0	0	0	0	0	102.610261026103	0	564.156415641564	0	0	0	0	0	0	0	0	0	0	0	0	0	0	0	0	0	25.6025602560256	0	51.3051305130513	0	0	0	0	0	0	0	0	0	0	0	0	0	0	0	0	0	0	0	0	0	0	0	0	0	0	0	0	0	0	0	0	0
8.29	0	0	72.7	0	18.2	236.4	54.5	0	36.4	0	0	0	0	0	0	200	0	290.9	0	0	0	0	0	0	0	0	0	0	0	0	0	0	0	0	0	0	0	54.5	0	0	0	0	0	36.4	0	0	0	0	0	0	0	0	0	0	0	0	0	0	0	0	0	0	0	0	0	0	0	0	0	0	0
8.31	0	0	0	0	0	187.526561835954	0	0	0	0	0	0	0	0	0	312.473438164046	0	437.526561835954	0	0	0	0	0	0	0	0	0	0	0	0	0	0	0	0	0	0	0	0	0	0	0	0	0	62.4734381640459	0	0	0	0	0	0	0	0	0	0	0	0	0	0	0	0	0	0	0	0	0	0	0	0	0	0	0
8.33	0	0	40	0	40	160	0	0	40	0	0	0	0	0	0	360	0	360	0	0	0	0	0	0	0	0	0	0	0	0	0	0	0	0	0	0	0	0	0	0	0	0	0	0	0	0	0	0	0	0	0	0	0	0	0	0	0	0	0	0	0	0	0	0	0	0	0	0	0	0	0
8.35	0	0	35.7035703570357	0	35.7035703570357	107.110711071107	0	0	0	0	0	0	0	0	0	250.02500250025	0	535.753575357536	0	0	0	0	0	0	0	0	35.7035703570357	0	0	0	0	0	0	0	0	0	0	0	0	0	0	0	0	0	0	0	0	0	0	0	0	0	0	0	0	0	0	0	0	0	0	0	0	0	0	0	0	0	0	0	0
8.37	0	0	40.5081016203241	0	40.5081016203241	148.629725945189	40.5081016203241	13.502700540108	13.502700540108	0	0	0	0	0	0	189.237847569514	0	405.481096219244	0	0	0	0	0	0	0	0	13.502700540108	27.005401080216	0	0	0	0	0	0	0	0	0	0	0	0	0	0	0	67.6135227045409	0	0	0	0	0	0	0	0	0	0	0	0	0	0	0	0	0	0	0	0	0	0	0	0	0	0	0
8.39	0	0	41.7041704170417	0	20.8020802080208	145.814581458146	0	0	20.8020802080208	0	0	0	0	0	0	250.02500250025	0	479.247924792479	0	0	0	0	0	0	0	0	20.8020802080208	0	0	0	0	0	0	0	0	0	0	20.8020802080208	0	0	0	0	0	0	0	0	0	0	0	0	0	0	0	0	0	0	0	0	0	0	0	0	0	0	0	0	0	0	0	0	0
8.41	0	0	250	0	0	0	0	0	0	0	0	0	0	0	0	666.7	0	83.3	0	0	0	0	0	0	0	0	0	0	0	0	0	0	0	0	0	0	0	0	0	0	0	0	0	0	0	0	0	0	0	0	0	0	0	0	0	0	0	0	0	0	0	0	0	0	0	0	0	0	0	0	0
8.43	0	0	38.4961503849615	0	0	38.4961503849615	0	0	0	0	0	0	0	0	0	269.173082691731	0	423.057694230577	0	0	0	0	0	0	0	0	0	38.4961503849615	0	0	0	0	0	0	0	38.4961503849615	0	153.784621537846	0	0	0	0	0	0	0	0	0	0	0	0	0	0	0	0	0	0	0	0	0	0	0	0	0	0	0	0	0	0	0	0	0
8.45	0	0	0	0	0	0	0	0	0	0	0	0	0	0	0	187.5	0	625	0	0	0	0	0	0	0	0	0	0	0	0	0	0	62.5	0	0	62.5	0	62.5	0	0	0	0	0	0	0	0	0	0	0	0	0	0	0	0	0	0	0	0	0	0	0	0	0	0	0	0	0	0	0	0	0
8.47	0	62.5	125	0	0	0	0	0	0	0	0	0	0	0	0	0	0	500	0	0	0	0	0	0	0	0	0	0	0	0	0	0	187.5	0	0	0	0	62.5	0	0	0	0	0	62.5	0	0	0	0	0	0	0	0	0	0	0	0	0	0	0	0	0	0	0	0	0	0	0	0	0	0	0
8.49	0	0	0	0	30.3	30.3	60.6	0	0	0	0	0	0	0	0	121.2	0	666.7	0	0	0	0	0	0	0	0	0	0	0	0	0	0	0	0	0	0	0	60.6	0	0	0	0	0	30.3	0	0	0	0	0	0	0	0	0	0	0	0	0	0	0	0	0	0	0	0	0	0	0	0	0	0	0
8.51	0	0	80	0	0	80	40	0	40	0	0	0	0	0	0	320	0	240	0	0	0	0	0	0	0	0	0	80	0	0	0	0	80	0	0	0	0	40	0	0	0	0	0	0	0	0	0	0	0	0	0	0	0	0	0	0	0	0	0	0	0	0	0	0	0	0	0	0	0	0	0
8.53	0	0	0	0	0	121.212121212121	0	60.6060606060606	0	0	0	0	0	0	0	151.515151515152	0	363.636363636364	0	0	0	0	0	0	0	0	60.6060606060606	30.3030303030303	0	0	0	0	60.6060606060606	0	0	30.3030303030303	0	121.212121212121	0	0	0	0	0	0	0	0	0	0	0	0	0	0	0	0	0	0	0	0	0	0	0	0	0	0	0	0	0	0	0	0	0
8.55	0	0	62.5	0	0	0	0	0	0	0	0	0	0	0	0	125	0	375	0	0	0	0	0	0	0	0	0	62.5	0	0	0	0	62.5	0	0	0	0	312.5	0	0	0	0	0	0	0	0	0	0	0	0	0	0	0	0	0	0	0	0	0	0	0	0	0	0	0	0	0	0	0	0	0
8.57	0	12.0036010803241	48.2144643393018	0	12.0036010803241	36.110833249975	0	0	0	0	0	0	0	0	0	216.965089526858	0	409.722916875063	0	0	0	0	0	0	0	0	12.0036010803241	72.3216965089527	0	0	0	0	12.0036010803241	0	0	36.110833249975	0	72.3216965089527	0	0	0	0	0	60.2180654196259	0	0	0	0	0	0	0	0	0	0	0	0	0	0	0	0	0	0	0	0	0	0	0	0	0	0	0
8.59	0	0	181.781821817818	0	0	0	0	45.4954504549545	0	0	0	0	0	0	0	181.781821817818	0	409.059094090591	0	0	0	0	0	0	0	0	0	0	0	0	0	0	136.386361363864	0	0	0	0	45.4954504549545	0	0	0	0	0	0	0	0	0	0	0	0	0	0	0	0	0	0	0	0	0	0	0	0	0	0	0	0	0	0	0	0	0
8.61	0	34.4965503449655	275.872412758724	0	0	34.4965503449655	0	0	34.4965503449655	0	0	0	0	0	0	206.879312068793	0	241.375862413759	0	0	0	0	0	0	0	0	34.4965503449655	103.389661033897	0	0	0	0	0	0	0	34.4965503449655	0	0	0	0	0	0	0	0	0	0	0	0	0	0	0	0	0	0	0	0	0	0	0	0	0	0	0	0	0	0	0	0	0	0	0
8.63	0	12.5	125	0	12.5	50	0	0	12.5	0	0	0	0	0	0	125	0	387.5	0	0	0	0	0	0	0	0	0	62.5	0	0	0	0	12.5	0	0	25	0	137.5	0	0	0	0	0	37.5	0	0	0	0	0	0	0	0	0	0	0	0	0	0	0	0	0	0	0	0	0	0	0	0	0	0	0
8.65	0	4.2004200420042	383.338333833383	0	8.3008300830083	25.002500250025	8.3008300830083	20.8020802080208	16.7016701670167	0	0	0	0	0	0	312.531253125313	0	120.812081208121	0	0	0	0	0	0	0	0	12.5012501250125	29.2029202920292	0	0	0	0	0	0	0	12.5012501250125	0	45.8045804580458	0	0	0	0	0	0	0	0	0	0	0	0	0	0	0	0	0	0	0	0	0	0	0	0	0	0	0	0	0	0	0	0	0
8.67	0	0	308.692607782335	0	0	12.3036911073322	37.0111033309993	0	24.7074122236671	12.3036911073322	0	0	0	0	0	370.511153346004	0	61.7185155546664	0	0	0	0	0	0	0	0	37.0111033309993	111.133340002001	0	0	0	0	12.3036911073322	0	0	0	0	12.3036911073322	0	0	0	0	0	0	0	0	0	0	0	0	0	0	0	0	0	0	0	0	0	0	0	0	0	0	0	0	0	0	0	0	0
8.69	0	0	297.329732973297	0	9.000900090009	9.000900090009	9.000900090009	18.001800180018	9.000900090009	0	0	0	0	0	0	351.435143514351	0	198.219821982198	0	0	0	0	0	0	0	0	0	27.002700270027	0	0	0	0	0	0	0	36.003600360036	0	36.003600360036	0	0	0	0	0	0	0	0	0	0	0	0	0	0	0	0	0	0	0	0	0	0	0	0	0	0	0	0	0	0	0	0	0
8.71	0	0	291.041791641672	0	9.39812037592482	9.39812037592482	4.69906018796241	28.1943611277744	4.69906018796241	0	0	0	0	0	0	408.418316336733	0	173.665266946611	0	0	0	0	0	0	0	0	18.7962407518496	23.495300939812	0	0	0	0	0	0	0	23.495300939812	0	0	0	0	0	0	0	4.69906018796241	0	0	0	0	0	0	0	0	0	0	0	0	0	0	0	0	0	0	0	0	0	0	0	0	0	0	0
8.73	0	0	262.173782621738	0	18.2981701829817	18.2981701829817	24.3975602439756	30.4969503049695	6.0993900609939	6.0993900609939	0	0	0	0	0	335.366463353665	0	152.384761523848	0	0	0	0	0	0	0	0	6.0993900609939	24.3975602439756	0	0	0	0	6.0993900609939	0	0	12.1987801219878	0	97.5902409759024	0	0	0	0	0	0	0	0	0	0	0	0	0	0	0	0	0	0	0	0	0	0	0	0	0	0	0	0	0	0	0	0	0
8.75	0	5.8994100589941	435.256474352565	0	11.7988201179882	11.7988201179882	5.8994100589941	41.1958804119588	17.5982401759824	0	0	0	0	0	0	270.572942705729	0	117.588241175882	0	0	0	0	0	0	5.8994100589941	0	0	11.7988201179882	0	0	0	0	0	0	0	17.5982401759824	0	35.2964703529647	0	0	0	0	0	5.8994100589941	0	0	0	0	0	0	0	5.8994100589941	0	0	0	0	0	0	0	0	0	0	0	0	0	0	0	0	0	0	0
8.77	0	16.5016501650165	338.833883388339	0	16.5016501650165	8.3008300830083	8.3008300830083	33.1033103310331	16.5016501650165	0	0	0	0	0	0	388.438843884388	0	90.9090909090909	0	0	0	0	0	0	0	0	24.8024802480248	16.5016501650165	0	0	0	0	0	0	0	0	0	41.3041304130413	0	0	0	0	0	0	0	0	0	0	0	0	0	0	0	0	0	0	0	0	0	0	0	0	0	0	0	0	0	0	0	0	0
8.79	0	0	379.535631721781	0	15.3784299929641	20.5045733239522	0	25.6307166549402	10.2522866619761	0	0	0	0	0	0	302.542969142627	0	174.389385867926	0	0	0	0	0	0	0	0	0	25.6307166549402	0	0	0	0	0	0	0	0	0	46.1352899788924	0	0	0	0	0	0	0	0	0	0	0	0	0	0	0	0	0	0	0	0	0	0	0	0	0	0	0	0	0	0	0	0	0
8.81	0	0	272.645470905819	0	0	45.4909018196361	15.1969606078784	0	45.4909018196361	0	0	0	0	0	0	227.254549090182	0	287.842431513697	0	0	0	0	0	0	0	0	30.2939412117576	30.2939412117576	0	0	0	0	0	0	0	0	0	30.2939412117576	0	0	0	0	0	15.1969606078784	0	0	0	0	0	0	0	0	0	0	0	0	0	0	0	0	0	0	0	0	0	0	0	0	0	0	0
8.83	0	0	257.1	0	28.6	57.1	0	28.6	0	0	0	0	0	0	0	114.3	0	342.9	0	0	0	0	0	0	0	0	0	28.6	0	0	0	0	28.6	0	0	57.1	0	57.1	0	0	0	0	0	0	0	0	0	0	0	0	0	0	0	0	0	0	0	0	0	0	0	0	0	0	0	0	0	0	0	0	0
8.85	0	0	136.386361363864	0	0	0	0	0	0	0	0	0	0	0	0	136.386361363864	0	590.840915908409	0	0	0	0	0	0	0	0	22.6977302269773	0	0	0	0	0	22.6977302269773	0	0	45.4954504549545	0	45.4954504549545	0	0	0	0	0	0	0	0	0	0	0	0	0	0	0	0	0	0	0	0	0	0	0	0	0	0	0	0	0	0	0	0	0
8.87	0	0	29.4029402940294	0	29.4029402940294	29.4029402940294	0	0	0	0	0	0	0	0	0	264.726472647265	0	470.647064706471	0	0	0	0	0	0	0	0	0	29.4029402940294	0	0	0	0	0	0	0	88.2088208820882	0	58.8058805880588	0	0	0	0	0	0	0	0	0	0	0	0	0	0	0	0	0	0	0	0	0	0	0	0	0	0	0	0	0	0	0	0	0
8.89	0	0	116.311631163116	0	11.6011601160116	69.8069806980698	0	11.6011601160116	11.6011601160116	0	0	0	0	0	0	116.311631163116	0	593.059305930593	0	0	0	0	0	0	0	0	0	46.5046504650465	0	0	0	0	0	0	0	11.6011601160116	0	11.6011601160116	0	0	0	0	0	0	0	0	0	0	0	0	0	0	0	0	0	0	0	0	0	0	0	0	0	0	0	0	0	0	0	0	0
8.91	0	0	147.1	0	0	0	0	58.8	0	0	0	0	0	0	0	88.2	0	676.5	0	0	0	0	0	0	0	0	29.4	0	0	0	0	0	0	0	0	0	0	0	0	0	0	0	0	0	0	0	0	0	0	0	0	0	0	0	0	0	0	0	0	0	0	0	0	0	0	0	0	0	0	0	0
8.93	0	0	111.111111111111	0	0	22.2022202220222	22.2022202220222	22.2022202220222	0	0	0	0	0	0	0	266.726672667267	0	400.0400040004	0	0	0	0	0	0	0	0	44.4044404440444	66.7066706670667	0	0	0	0	0	0	0	44.4044404440444	0	0	0	0	0	0	0	0	0	0	0	0	0	0	0	0	0	0	0	0	0	0	0	0	0	0	0	0	0	0	0	0	0	0	0
8.95	0	9.000900090009	90.1090109010901	0	0	45.004500450045	9.000900090009	9.000900090009	0	0	0	0	0	0	0	198.219821982198	0	477.547754775478	0	0	0	0	0	0	0	0	72.1072107210721	18.001800180018	0	0	0	0	0	0	0	36.003600360036	0	27.002700270027	0	0	0	0	0	9.000900090009	0	0	0	0	0	0	0	0	0	0	0	0	0	0	0	0	0	0	0	0	0	0	0	0	0	0	0
8.97	0	35.7035703570357	35.7035703570357	0	0	0	0	0	35.7035703570357	0	0	0	0	0	0	285.728572857286	0	392.939293929393	0	0	0	0	0	0	0	0	35.7035703570357	35.7035703570357	0	0	0	0	0	0	0	35.7035703570357	0	107.110711071107	0	0	0	0	0	0	0	0	0	0	0	0	0	0	0	0	0	0	0	0	0	0	0	0	0	0	0	0	0	0	0	0	0
8.99	0	0	46.3	0	9.3	37	9.3	0	0	0	0	0	0	0	0	231.5	0	518.5	0	0	0	0	0	0	0	0	27.8	64.8	0	0	0	0	0	0	0	37	0	18.5	0	0	0	0	0	0	0	0	0	0	0	0	0	0	0	0	0	0	0	0	0	0	0	0	0	0	0	0	0	0	0	0	0
9.01	0	13.5013501350135	40.5040504050405	0	13.5013501350135	27.002700270027	0	27.002700270027	40.5040504050405	0	0	0	0	0	0	310.831083108311	0	351.435143514351	0	0	0	0	0	13.5013501350135	0	0	54.1054105410541	13.5013501350135	0	0	0	0	13.5013501350135	0	0	0	0	67.6067606760676	0	0	0	0	0	13.5013501350135	0	0	0	0	0	0	0	0	0	0	0	0	0	0	0	0	0	0	0	0	0	0	0	0	0	0	0
9.03	0	0	9.9009900990099	0	9.9009900990099	9.9009900990099	0	0	9.9009900990099	0	0	0	0	0	0	356.435643564356	0	435.643564356436	0	0	0	0	0	0	0	0	29.7029702970297	29.7029702970297	0	0	0	0	29.7029702970297	0	0	29.7029702970297	0	39.6039603960396	0	0	0	0	0	9.9009900990099	0	0	0	0	0	0	0	0	0	0	0	0	0	0	0	0	0	0	0	0	0	0	0	0	0	0	0
9.05	0	0	46.5	0	11.6	23.3	11.6	0	0	0	0	0	0	0	0	674.4	0	151.2	0	0	0	0	0	0	0	0	11.6	0	0	0	0	0	0	0	0	46.5	0	0	0	0	0	0	0	23.3	0	0	0	0	0	0	0	0	0	0	0	0	0	0	0	0	0	0	0	0	0	0	0	0	0	0	0
9.07	0	0	8.50255076522957	0	0	17.1051315394618	0	8.50255076522957	0	0	0	0	0	0	0	453.135940782235	0	367.610283084925	0	0	0	0	0	0	0	0	8.50255076522957	59.8179453836151	0	0	0	0	8.50255076522957	0	0	42.7128138441532	0	25.6076823046914	0	0	0	0	0	0	0	0	0	0	0	0	0	0	0	0	0	0	0	0	0	0	0	0	0	0	0	0	0	0	0	0	0
9.09	0	0	66.7133426685337	0	0	19.003800760152	0	0	9.50190038007601	0	0	0	0	0	0	676.335267053411	0	161.932386477295	0	0	0	0	0	0	0	0	9.50190038007601	9.50190038007601	0	0	0	0	0	0	0	9.50190038007601	0	19.003800760152	0	0	0	0	0	19.003800760152	0	0	0	0	0	0	0	0	0	0	0	0	0	0	0	0	0	0	0	0	0	0	0	0	0	0	0
