stations	Aand	Atax	Btep	Bspo	Iacu	Ipal	Ipar	Ipat	Isph	Istr	Ipli	Ivel	Ijap	Lmac	Mcho	Nlab	Nrig	Ocen	Oisr	Ojan	Olon	Ogig	Pzoh	Pret	Smem	Sdel	Selo	Sram	Sbel	Sben	Sbul	Slaz	Smir	Sgra	Spac	Sspp	Tpel	Pdal	Stri	Imin	Imic	Ibre	Ekar	Bspp	Dubr	Peri	Lspp	Snep	Xxan	Squa	Pnud	Tapp	Tvar	Vcal	Vspi	Pame	Qcon	 Psch	Parc	Pkof	Gymn	Eacu	Egra	Edel	Etra	Espp	Sste	Sbif	Cysa	Tvan	Dcha
0.0000	0.00	0.00	0.00	0.00	0.00	340.91	0.00	0.00	6.49	0.00	0.00	0.00	0.00	0.00	0.00	237.01	0.00	282.47	0.00	0.00	0.00	0.00	0.00	0.00	0.00	0.00	6.49	0.00	0.00	0.00	0.00	0.00	0.00	0.00	0.00	0.00	0.00	0.00	0.00	77.92	0.00	0.00	0.00	48.70	0.00	0.00	0.00	0.00	0.00	0.00	0.00	0.00	0.00	0.00	0.00	0.00	0.00	0.00	0.00	0.00	0.00	0.00	0.00	0.00	0.00	0.00	0.00	0.00	0.00	0.00	0.00
0.5940	0.00	0.00	0.00	0.00	0.00	325.81	0.00	0.00	0.00	0.00	0.00	0.00	0.00	0.00	0.00	258.06	0.00	303.23	0.00	0.00	0.00	0.00	0.00	0.00	0.00	0.00	3.23	0.00	0.00	0.00	0.00	0.00	0.00	0.00	0.00	6.45	0.00	3.23	0.00	70.97	0.00	0.00	0.00	29.03	0.00	0.00	0.00	0.00	0.00	0.00	0.00	0.00	0.00	0.00	0.00	0.00	0.00	0.00	0.00	0.00	0.00	0.00	0.00	0.00	0.00	0.00	0.00	0.00	0.00	0.00	0.00
1.4280	0.00	0.00	0.00	0.00	0.00	427.63	0.00	0.00	0.00	0.00	0.00	0.00	0.00	0.00	0.00	223.68	0.00	312.50	0.00	0.00	0.00	0.00	0.00	0.00	0.00	0.00	0.00	0.00	0.00	0.00	0.00	0.00	0.00	0.00	0.00	0.00	0.00	0.00	0.00	23.03	0.00	0.00	0.00	13.16	0.00	0.00	0.00	0.00	0.00	0.00	0.00	0.00	0.00	0.00	0.00	0.00	0.00	0.00	0.00	0.00	0.00	0.00	0.00	0.00	0.00	0.00	0.00	0.00	0.00	0.00	0.00
2.2620	0.00	0.00	0.00	0.00	0.00	450.00	0.00	0.00	0.00	0.00	0.00	0.00	0.00	0.00	0.00	205.00	0.00	327.50	0.00	0.00	0.00	0.00	0.00	0.00	0.00	0.00	0.00	0.00	0.00	0.00	0.00	0.00	0.00	0.00	0.00	0.00	0.00	0.00	0.00	12.50	0.00	0.00	0.00	5.00	0.00	0.00	0.00	0.00	0.00	0.00	0.00	0.00	0.00	0.00	0.00	0.00	0.00	0.00	0.00	0.00	0.00	0.00	0.00	0.00	0.00	0.00	0.00	0.00	0.00	0.00	0.00
3.3563	0.00	0.00	0.00	0.00	0.00	278.48	0.00	0.00	0.00	0.00	0.00	0.00	0.00	0.00	0.00	237.34	0.00	455.70	0.00	0.00	0.00	0.00	0.00	0.00	0.00	0.00	6.33	0.00	0.00	0.00	0.00	0.00	0.00	0.00	0.00	3.16	0.00	0.00	0.00	18.99	0.00	0.00	0.00	0.00	0.00	0.00	0.00	0.00	0.00	0.00	0.00	0.00	0.00	0.00	0.00	0.00	0.00	0.00	0.00	0.00	0.00	0.00	0.00	0.00	0.00	0.00	0.00	0.00	0.00	0.00	0.00
4.7110	0.00	0.00	0.00	0.00	0.00	412.23	0.00	0.00	0.00	0.00	0.00	0.00	0.00	0.00	0.00	167.55	0.00	396.28	0.00	0.00	0.00	0.00	0.00	0.00	0.00	0.00	0.00	2.66	0.00	0.00	0.00	0.00	0.00	0.00	0.00	15.96	0.00	0.00	0.00	5.32	0.00	0.00	0.00	0.00	0.00	0.00	0.00	0.00	0.00	0.00	0.00	0.00	0.00	0.00	0.00	0.00	0.00	0.00	0.00	0.00	0.00	0.00	0.00	0.00	0.00	0.00	0.00	0.00	0.00	0.00	0.00
6.0657	0.00	0.00	0.00	0.00	0.00	352.54	0.00	0.00	0.00	0.00	0.00	0.00	0.00	0.00	0.00	122.03	0.00	522.03	0.00	0.00	0.00	0.00	0.00	0.00	0.00	0.00	0.00	3.39	0.00	0.00	0.00	0.00	0.00	0.00	0.00	0.00	0.00	0.00	0.00	0.00	0.00	0.00	0.00	0.00	0.00	0.00	0.00	0.00	0.00	0.00	0.00	0.00	0.00	0.00	0.00	0.00	0.00	0.00	0.00	0.00	0.00	0.00	0.00	0.00	0.00	0.00	0.00	0.00	0.00	0.00	0.00
7.0821	0.00	0.00	0.00	0.00	0.00	452.15	0.00	0.00	0.00	0.00	0.00	0.00	0.00	0.00	0.00	95.71	0.00	448.84	0.00	0.00	0.00	0.00	0.00	0.00	0.00	0.00	0.00	0.00	0.00	3.30	0.00	0.00	0.00	0.00	0.00	0.00	0.00	0.00	0.00	0.00	0.00	0.00	0.00	0.00	0.00	0.00	0.00	0.00	0.00	0.00	0.00	0.00	0.00	0.00	0.00	0.00	0.00	0.00	0.00	0.00	0.00	0.00	0.00	0.00	0.00	0.00	0.00	0.00	0.00	0.00	0.00
7.7604	0.00	0.00	0.00	0.00	0.00	498.52	0.00	0.00	0.00	0.00	0.00	0.00	0.00	0.00	0.00	169.14	0.00	314.54	0.00	0.00	0.00	0.00	0.00	0.00	0.00	0.00	5.93	5.93	0.00	0.00	0.00	0.00	0.00	0.00	0.00	5.93	0.00	0.00	0.00	0.00	0.00	0.00	0.00	0.00	0.00	0.00	0.00	0.00	0.00	0.00	0.00	0.00	0.00	0.00	0.00	0.00	0.00	0.00	0.00	0.00	0.00	0.00	0.00	0.00	0.00	0.00	0.00	0.00	0.00	0.00	0.00
8.4387	0.00	0.00	0.00	0.00	0.00	629.46	0.00	0.00	0.00	0.00	0.00	0.00	0.00	0.00	0.00	281.25	0.00	71.43	0.00	0.00	0.00	0.00	0.00	0.00	0.00	0.00	4.46	4.46	4.46	0.00	0.00	0.00	0.00	0.00	0.00	4.46	0.00	0.00	0.00	0.00	0.00	0.00	0.00	0.00	0.00	0.00	0.00	0.00	0.00	0.00	0.00	0.00	0.00	0.00	0.00	0.00	0.00	0.00	0.00	0.00	0.00	0.00	0.00	0.00	0.00	0.00	0.00	0.00	0.00	0.00	0.00
9.1170	0.00	0.00	0.00	0.00	0.00	602.27	0.00	0.00	0.00	0.00	0.00	0.00	0.00	0.00	0.00	323.86	0.00	73.86	0.00	0.00	0.00	0.00	0.00	0.00	0.00	0.00	0.00	0.00	0.00	0.00	0.00	0.00	0.00	0.00	0.00	0.00	0.00	0.00	0.00	0.00	0.00	0.00	0.00	0.00	0.00	0.00	0.00	0.00	0.00	0.00	0.00	0.00	0.00	0.00	0.00	0.00	0.00	0.00	0.00	0.00	0.00	0.00	0.00	0.00	0.00	0.00	0.00	0.00	0.00	0.00	0.00
9.7953	0.00	0.00	0.00	0.00	0.00	590.64	0.00	0.00	0.00	0.00	0.00	0.00	0.00	0.00	0.00	321.64	0.00	40.94	0.00	0.00	0.00	0.00	0.00	0.00	0.00	0.00	17.54	23.39	0.00	0.00	0.00	0.00	0.00	0.00	0.00	5.85	0.00	0.00	0.00	0.00	0.00	0.00	0.00	0.00	0.00	0.00	0.00	0.00	0.00	0.00	0.00	0.00	0.00	0.00	0.00	0.00	0.00	0.00	0.00	0.00	0.00	0.00	0.00	0.00	0.00	0.00	0.00	0.00	0.00	0.00	0.00
10.4736	0.00	0.00	11.83	0.00	0.00	568.05	0.00	0.00	0.00	0.00	0.00	0.00	0.00	0.00	0.00	278.11	0.00	47.34	0.00	0.00	0.00	0.00	0.00	0.00	0.00	0.00	53.25	17.75	0.00	0.00	0.00	0.00	0.00	0.00	0.00	23.67	0.00	0.00	0.00	0.00	0.00	0.00	0.00	0.00	0.00	0.00	0.00	0.00	0.00	0.00	0.00	0.00	0.00	0.00	0.00	0.00	0.00	0.00	0.00	0.00	0.00	0.00	0.00	0.00	0.00	0.00	0.00	0.00	0.00	0.00	0.00
11.1519	0.00	0.00	0.00	0.00	0.00	32.68	0.00	0.00	0.00	0.00	0.00	0.00	0.00	0.00	0.00	555.56	0.00	117.65	0.00	0.00	0.00	0.00	0.00	0.00	0.00	0.00	189.54	45.75	0.00	0.00	0.00	0.00	0.00	0.00	0.00	58.82	0.00	0.00	0.00	0.00	0.00	0.00	0.00	0.00	0.00	0.00	0.00	0.00	0.00	0.00	0.00	0.00	0.00	0.00	0.00	0.00	0.00	0.00	0.00	0.00	0.00	0.00	0.00	0.00	0.00	0.00	0.00	0.00	0.00	0.00	0.00
11.8301	0.00	0.00	0.00	0.00	0.00	25.21	0.00	0.00	0.00	0.00	0.00	0.00	0.00	0.00	0.00	630.25	0.00	75.63	0.00	0.00	0.00	0.00	0.00	0.00	0.00	0.00	67.23	84.03	0.00	0.00	0.00	0.00	0.00	0.00	0.00	117.65	0.00	0.00	0.00	0.00	0.00	0.00	0.00	0.00	0.00	0.00	0.00	0.00	0.00	0.00	0.00	0.00	0.00	0.00	0.00	0.00	0.00	0.00	0.00	0.00	0.00	0.00	0.00	0.00	0.00	0.00	0.00	0.00	0.00	0.00	0.00
