stations	Aand	Atax	Btep	Bspo	Iacu	Ipal	Ipar	Ipat	Isph	Istr	Ipli	Ivel	Ijap	Lmac	Mcho	Nlab	Nrig	Ocen	Oisr	Ojan	Olon	Ogig	Pzoh	Pret	Smem	Sdel	Selo	Sram	Sbel	Sben	Sbul	Slaz	Smir	Sgra	Spac	Sspp	Tpel	Pdal	Stri	Imin	Imic	Ibre	Ekar	Bspp	Dubr	Peri	Lspp	Snep	Xxan	Squa	Pnud	Tapp	Tvar	Vcal	Vspi	Pame	Qcon	Psch	Parc	Pkof	Gymn	Eacu	Egra	Edel	Etra	Espp	Sste	Sbif	Cysa	Tvan	Dcha
0.04	0	0	12.1	0	2	8.1	0	0	2	0	0	0	0	0	0	189.1	0	450.7	0	2	0	0	0	0	0	0	6	60.4	0	0	0	0	0	0	0	0	0	267.6	0	0	0	0	0	0	0	0	0	0	0	0	0	0	0	0	0	0	0	0	0	0	0	0	0	0	0	0	0	0	0	0	0
0.09	0	0	11.998800119988	0	0	0	0	0	0	0	0	0	0	0	0	181.781821817818	0	488.851114888511	0	3.3996600339966	0	0	0	0	0	0	6.8993100689931	65.1934806519348	0	0	0	0	0	0	0	0	0	241.875812418758	0	0	0	0	0	0	0	0	0	0	0	0	0	0	0	0	0	0	0	0	0	0	0	0	0	0	0	0	0	0	0	0	0
0.15	0	0	12.3975204959008	0	4.99900019996001	2.49950009998	2.49950009998	0	7.49850029994001	0	0	0	0	0	0	243.75124975005	0	467.606478704259	0	0	0	0	0	0	0	0	4.99900019996001	64.6870625874825	0	0	0	0	0	0	0	0	0	189.062187562488	0	0	0	0	0	0	0	0	0	0	0	0	0	0	0	0	0	0	0	0	0	0	0	0	0	0	0	0	0	0	0	0	0
0.19	0	0	18.1	0	0	0	0	0	0	0	0	0	0	0	0	314.3	0	321.8	0	1.5	0	0	0	0	0	0	9	49.6	0	0	0	0	0	0	0	0	0	285.7	0	0	0	0	0	0	0	0	0	0	0	0	0	0	0	0	0	0	0	0	0	0	0	0	0	0	0	0	0	0	0	0	0
0.25	0	0	6.7	0	0	4.5	0	0	3.3	0	0	0	0	0	0	293.2	0	447.1	0	0	0	0	0	0	0	0	6.7	66.9	0	0	0	0	0	0	0	15.6	0	150.5	1.1	0	0	0	0	1.1	0	0	0	0	0	1.1	0	2.2	0	0	0	0	0	0	0	0	0	0	0	0	0	0	0	0	0	0	0
0.29	0	0	16.998300169983	0	0	4.2995700429957	0	0	4.2995700429957	0	0	0	0	0	0	205.879412058794	0	452.154784521548	0	0	0	0	0	0	0	0	12.6987301269873	99.7900209979002	0	0	0	0	0	0	0	0	0	199.5800419958	0	0	0	0	0	4.2995700429957	0	0	0	0	0	0	0	0	0	0	0	0	0	0	0	0	0	0	0	0	0	0	0	0	0	0	0
0.35	0	0	4.89902019596081	0	0	0	0	2.49950009998	4.89902019596081	2.49950009998	0	0	0	0	0	215.656868626275	0	441.111777644471	0	0	0	0	0	0	0	0	17.1965606878624	122.575484903019	0	0	0	0	0	0	0	0	0	188.662267546491	0	0	0	0	0	0	0	0	0	0	0	0	0	0	0	0	0	0	0	0	0	0	0	0	0	0	0	0	0	0	0	0	0
0.39	1.7996400719856	0	18.2963407318536	0	0	3.69926014797041	0	0	3.69926014797041	0	0	0	0	0	0	175.464907018596	0	526.394721055789	0	0	0	0	0	0	0	0	23.7952409518096	96.8806238752249	0	0	0	0	0	0	0	0	0	146.27074585083	0	0	0	0	0	3.69926014797041	0	0	0	0	0	0	0	0	0	0	0	0	0	0	0	0	0	0	0	0	0	0	0	0	0	0	0
0.45	0	0	5.6	0	0	5.6	0	2.8	0	0	0	0	0	0	0	224.1	0	655.5	0	0	0	0	0	2.8	0	0	14	39.2	0	0	0	0	0	0	0	0	0	50.4	0	0	0	0	0	0	0	0	0	0	0	0	0	0	0	0	0	0	0	0	0	0	0	0	0	0	0	0	0	0	0	0	0
0.49	5.1005100510051	0	12.001200120012	0	0	1.7001700170017	0	0	0	0	0	0	0	0	0	106.010601060106	0	581.258125812581	0	0	0	0	0	0	1.7001700170017	0	6.8006800680068	56.4056405640564	0	0	0	0	0	0	0	0	0	223.922392239224	0	0	0	0	0	3.4003400340034	0	0	0	0	0	1.7001700170017	0	0	0	0	0	0	0	0	0	0	0	0	0	0	0	0	0	0	0	0	0
0.55	0	0	10.8010801080108	0	0	8.1008100810081	0	0	0	0	0	0	0	0	0	89.4089408940894	0	664.066406640664	0	0	0	0	0	0	0	0	19.001900190019	35.2035203520352	0	0	0	0	0	0	0	2.7002700270027	0	170.717071707171	0	0	0	0	0	0	0	0	0	0	0	0	0	0	0	0	0	0	0	0	0	0	0	0	0	0	0	0	0	0	0	0	0
0.59	0	0	2	0	0	0	0	0	0	0	0	0	0	0	0	99.8	0	503	0	0	0	0	0	0	0	0	12	41.9	0	0	0	0	0	0	0	0	0	337.3	0	0	0	0	0	4	0	0	0	0	0	0	0	0	0	0	0	0	0	0	0	0	0	0	0	0	0	0	0	0	0	0	0
0.65	0	0	3.59928014397121	0	0	1.7996400719856	0	0	1.7996400719856	0	0	0	0	0	0	80.4839032193561	0	538.392321535693	0	0	0	0	0	0	0	0	14.2971405718856	39.3921215756849	0	0	0	0	1.7996400719856	0	0	1.7996400719856	0	313.037392521496	0	0	0	0	0	3.59928014397121	0	0	0	0	0	0	0	0	0	0	0	0	0	0	0	0	0	0	0	0	0	0	0	0	0	0	0
0.69	0	0	13.6	0	0	5.4	0	0	0	0	0	0	0	0	0	76.1	0	595.1	0	0	0	0	0	0	0	0	2.7	29.9	0	0	0	0	0	0	0	0	0	274.5	0	0	0	0	0	2.7	0	0	0	0	0	0	0	0	0	0	0	0	0	0	0	0	0	0	0	0	0	0	0	0	0	0	0
0.75	0	0	5.2994700529947	0	0	0	0	0	0	0	0	0	0	0	0	70.3929607039296	0	749.92500749925	0	0	0	0	0	0	0	0	5.2994700529947	5.2994700529947	0	0	0	0	0	0	0	15.8984101589841	0	146.085391460854	0	0	0	0	0	1.7998200179982	0	0	0	0	0	0	0	0	0	0	0	0	0	0	0	0	0	0	0	0	0	0	0	0	0	0	0
0.79	0	0	4.2004200420042	0	0	4.2004200420042	0	0	2.1002100210021	0	0	0	0	0	0	158.215821582158	0	497.949794979498	0	0	0	0	0	4.2004200420042	0	0	6.3006300630063	19.001900190019	0	0	0	0	0	0	0	0	0	297.529752975298	2.1002100210021	0	0	0	0	4.2004200420042	0	0	0	0	0	0	0	0	0	0	0	0	0	0	0	0	0	0	0	0	0	0	0	0	0	0	0
0.85	0	0	8.4991500849915	0	0	19.7980201979802	0	0	5.6994300569943	0	0	0	0	0	0	53.6946305369463	0	491.450854914509	0	0	0	0	0	0	0	0	11.2988701129887	11.2988701129887	0	0	0	0	0	0	0	2.7997200279972	0	381.361863813619	0	0	0	0	0	14.0985901409859	0	0	0	0	0	0	0	0	0	0	0	0	0	0	0	0	0	0	0	0	0	0	0	0	0	0	0
0.89	0	0	11.7988201179882	0	0	7.0992900709929	0	0	2.3997600239976	0	0	0	0	0	0	139.486051394861	0	626.437356264374	0	0	0	0	0	0	0	0	25.997400259974	18.8981101889811	0	0	0	0	0	0	0	0	0	155.984401559844	2.3997600239976	0	0	0	0	0	0	0	0	0	0	4.6995300469953	0	0	0	0	0	0	2.3997600239976	2.3997600239976	0	0	0	0	0	0	0	0	0	0	0	0	0
0.95	0	0	31	0	0	5.6	0	0	2.8	0	0	0	0	0	0	70.4	0	656.3	0	0	0	0	0	0	0	0	8.5	11.3	0	0	0	0	0	0	0	0	0	214.1	0	0	0	0	0	0	0	0	0	0	0	0	0	0	0	0	0	0	0	0	0	0	0	0	0	0	0	0	0	0	0	0	0
0.99	0	1.60048014404321	19.7059117735321	0	0	4.90147044113234	1.60048014404321	0	8.20246073822147	0	0	0	0	0	0	54.3162948884665	0	684.405321596479	0	0	0	0	0	0	0	0	34.5103531059318	14.8044413323997	0	0	0	0	1.60048014404321	0	0	0	0	157.947384215265	0	0	0	0	0	8.20246073822147	0	0	0	0	0	8.20246073822147	0	0	0	0	0	0	0	0	0	0	0	0	0	0	0	0	0	0	0	0	0
1.05	0	0	5.09847045886234	0	5.09847045886234	6.79796061181646	3.39898030590823	0	10.0969709087274	0	0	0	0	0	0	116.365090472858	0	595.121463560932	0	0	0	0	0	0	0	0	30.3908827351794	11.7964610616815	0	0	0	0	0	0	0	15.1954413675897	0	187.143856842947	0	0	0	0	0	13.4959512146356	0	0	0	0	0	0	0	0	0	0	0	0	0	0	0	0	0	0	0	0	0	0	0	0	0	0	0
1.09	0	1.9	7.6	0	0	20.9	0	0	9.5	0	0	0	0	0	0	93.2	0	587.5	0	0	0	0	0	0	0	0	30.4	24.7	0	0	0	0	0	0	0	0	0	214.8	0	0	0	0	0	7.6	0	0	0	0	0	1.9	0	0	0	0	0	0	0	0	0	0	0	0	0	0	0	0	0	0	0	0	0
1.15	0	0	34.5930813837233	0	0	2.1995600879824	0	0	2.1995600879824	0	0	0	0	0	0	43.1913617276545	0	624.075184963007	0	0	0	0	0	0	0	0	15.0969806038792	4.29914017196561	0	0	0	0	0	0	0	0	0	190.061987602479	0	4.29914017196561	56.1887622475505	0	0	2.1995600879824	0	0	0	0	0	0	0	0	0	0	0	0	0	0	0	0	0	0	0	0	0	21.5956808638272	0	0	0	0	0
1.19	0	3.99920015996801	17.8964207158568	0	1.999600079984	19.8960207958408	0	0	5.99880023995201	0	0	0	0	0	0	127.174565086983	0	421.415716856629	0	0	0	0	0	0	0	0	71.5856828634273	19.8960207958408	0	0	0	0	1.999600079984	0	0	0	0	282.243551289742	0	0	0	0	0	23.8952209558088	0	0	0	0	0	1.999600079984	0	0	0	0	0	0	0	0	0	0	0	0	0	0	0	0	0	0	0	0	0
1.25	0	0	4.9	0	0	14.7	0	0	4.9	0	0	0	0	0	0	127.8	0	312	0	0	0	0	0	0	0	0	12.3	2.5	0	0	0	0	0	0	0	2.5	0	434.9	0	0	31.9	0	0	4.9	0	0	0	0	0	0	0	0	0	0	0	0	0	0	0	0	0	0	0	0	0	46.7	0	0	0	0	0
1.29	0	9.0990900909909	9.0990900909909	0	0	11.2988701129887	0	0	13.5986401359864	0	0	0	0	0	0	129.287071292871	0	439.85601439856	0	0	0	0	0	0	0	0	79.3920607939206	31.7968203179682	0	0	0	0	0	0	0	0	0	258.474152584742	0	0	0	0	0	13.5986401359864	0	0	0	0	0	4.4995500449955	0	0	0	0	0	0	0	0	0	0	0	0	0	0	0	0	0	0	0	0	0
1.35	0	0	7.29854029194161	0	0	10.997800439912	0	0	18.2963407318536	0	0	0	0	0	0	131.373725254949	0	361.22775444911	0	0	0	0	0	0	0	0	61.9876024795041	3.69926014797041	0	0	0	0	0	0	0	21.8956208758248	0	343.031393721256	0	0	0	0	0	36.4927014597081	0	0	0	0	0	3.69926014797041	0	0	0	0	0	0	0	0	0	0	0	0	0	0	0	0	0	0	0	0	0
1.39	0	1.8	5.5	0	1.8	18.4	0	0	12.9	0	0	0	0	0	0	36.8	0	522.1	0	0	0	0	0	0	0	0	14.7	23.9	0	0	0	0	1.8	0	0	0	0	334.6	0	0	0	0	0	25.7	0	0	0	0	0	0	0	0	0	0	0	0	0	0	0	0	0	0	0	0	0	0	0	0	0	0	0
1.45	0	3.999600039996	1.999800019998	0	3.999600039996	3.999600039996	0	0	7.999200079992	0	0	0	0	0	0	29.7970202979702	0	445.255474452555	0	0	0	0	0	0	0	0	9.8990100989901	7.999200079992	0	0	0	0	1.999800019998	0	0	1.999800019998	0	477.052294770523	0	0	0	0	0	3.999600039996	0	0	0	0	0	0	0	0	0	0	0	0	0	0	0	0	0	0	0	0	0	0	0	0	0	0	0
1.49	0	2.1997800219978	2.1997800219978	0	2.1997800219978	25.997400259974	0	0	10.8989101089891	0	0	0	0	0	0	41.1958804119588	0	540.04599540046	0	0	0	0	0	0	0	0	12.998700129987	8.6991300869913	0	0	0	0	0	0	0	0	0	320.967903209679	0	0	0	0	0	30.3969603039696	0	0	0	0	0	2.1997800219978	0	0	0	0	0	0	0	0	0	0	0	0	0	0	0	0	0	0	0	0	0
1.55	0	0	0	0	2.00060018005402	4.00120036010803	0	0	2.00060018005402	0	0	0	0	0	0	18.2054616384915	0	523.357007102131	0	0	0	0	0	0	0	0	4.00120036010803	14.1042312693808	0	0	0	0	4.00120036010803	0	0	0	0	422.326698009403	0	0	0	0	0	4.00120036010803	0	0	0	0	0	0	0	0	0	0	0	0	0	0	0	0	0	0	0	0	0	2.00060018005402	0	0	0	0	0
1.59	0	2.2997700229977	2.2997700229977	0	0	11.4988501149885	0	0	6.8993100689931	0	0	0	0	0	0	25.2974702529747	0	634.436556344366	0	0	0	0	0	0	0	0	18.3981601839816	6.8993100689931	0	0	0	0	2.2997700229977	0	0	0	0	271.272872712729	0	2.2997700229977	0	0	0	13.7986201379862	0	0	0	0	0	2.2997700229977	0	0	0	0	0	0	0	0	0	0	0	0	0	0	0	0	0	0	0	0	0
1.65	0	0	3.69926014797041	0	1.8996200759848	9.29814037192562	0	0	0	0	0	0	0	0	0	48.1903619276145	0	344.331133773245	0	0	0	0	0	0	0	0	7.39852029594081	24.0951809638072	0	0	0	0	5.59888022395521	0	0	1.8996200759848	0	544.291141771646	0	0	0	0	0	7.39852029594081	0	0	0	0	0	1.8996200759848	0	0	0	0	0	0	0	0	0	0	0	0	0	0	0	0	0	0	0	0	0
1.69	0	4.4995500449955	2.2997700229977	0	2.2997700229977	33.8966103389661	0	0	2.2997700229977	0	0	0	0	0	0	67.8932106789321	0	436.656334366563	0	0	0	0	0	0	0	0	36.1963803619638	33.8966103389661	0	0	0	0	4.4995500449955	0	0	0	0	328.067193280672	0	0	0	0	0	42.995700429957	0	0	0	0	0	4.4995500449955	0	0	0	0	0	0	0	0	0	0	0	0	0	0	0	0	0	0	0	0	0
1.75	0	0	1.99940017994602	0	0	7.79766070178946	0	0	3.89883035089473	0	0	0	0	0	0	56.7829651104669	0	281.715485354394	0	0	0	0	0	0	0	0	19.594121763471	15.6952914125762	0	0	0	0	1.99940017994602	0	0	1.99940017994602	0	604.518644406678	0	0	0	0	0	1.99940017994602	0	0	0	0	0	1.99940017994602	0	0	0	0	0	0	0	0	0	0	0	0	0	0	0	0	0	0	0	0	0
1.79	0	2.999700029997	5.999400059994	0	5.999400059994	20.7979202079792	0	0	14.8985101489851	0	0	0	0	0	0	107.089291070893	0	348.165183481652	0	0	0	0	0	0	0	0	71.3928607139286	29.7970202979702	0	0	0	0	2.999700029997	0	0	0	0	333.266673332667	0	0	0	0	0	50.5949405059494	0	0	0	0	0	5.999400059994	0	0	0	0	0	0	0	0	0	0	0	0	0	0	0	0	0	0	0	0	0
1.85	0	0	0	0	3.5	17.2	0	0	10.3	0	0	0	0	0	0	55.2	0	131	0	0	0	0	0	0	0	0	31	10.3	0	0	0	0	3.5	0	0	3.5	0	713.8	0	0	0	0	0	17.2	0	0	0	0	0	0	0	0	0	0	0	0	0	0	0	0	0	0	0	0	0	3.5	0	0	0	0	0
1.89	0	0	8.7008700870087	0	4.4004400440044	13.001300130013	0	0	13.001300130013	0	0	0	0	0	0	139.113911391139	0	273.927392739274	0	0	0	0	0	0	0	0	60.9060906090609	60.9060906090609	0	0	0	0	13.001300130013	0	0	0	0	382.638263826383	0	0	0	0	0	17.4017401740174	0	0	0	0	0	13.001300130013	0	0	0	0	0	0	0	0	0	0	0	0	0	0	0	0	0	0	0	0	0
1.95	0	0	4.19916016796641	0	2.0995800839832	6.29874025194961	0	0	6.29874025194961	0	0	0	0	0	0	75.1849630073985	0	110.677864427115	0	0	0	0	0	0	0	0	29.1941611677664	20.8958208358328	0	0	0	0	6.29874025194961	0	0	4.19916016796641	0	707.558488302339	0	0	0	0	0	27.0945810837832	0	0	0	0	0	0	0	0	0	0	0	0	0	0	0	0	0	0	0	0	0	0	0	0	0	0	0
1.99	0	0	3.1996800319968	0	3.1996800319968	12.7987201279872	0	0	6.3993600639936	0	0	0	0	0	0	130.986901309869	0	281.171882811719	0	0	0	0	0	0	0	0	51.0948905109489	44.6955304469553	0	0	0	0	12.7987201279872	0	0	0	0	434.456554344566	0	0	0	0	0	19.1980801919808	0	0	0	0	0	0	0	0	0	0	0	0	0	0	0	0	0	0	0	0	0	0	0	0	0	0	0
2.03	0	0	5.1	0	5.1	12.8	0	0	7.7	0	0	0	0	0	0	130.8	0	212.8	0	0	0	0	0	0	0	0	38.5	59	0	0	0	0	2.6	0	0	5.1	0	484.6	0	0	0	0	0	33.3	0	0	0	0	0	2.6	0	0	0	0	0	0	0	0	0	0	0	0	0	0	0	0	0	0	0	0	0
2.09	0	0	17.3017301730173	0	4.3004300430043	8.7008700870087	0	4.3004300430043	17.3017301730173	0	0	0	0	0	0	95.2095209520952	0	316.031603160316	0	0	0	0	0	0	0	0	17.3017301730173	47.6047604760476	0	0	0	0	4.3004300430043	0	0	0	0	298.729872987299	0	8.7008700870087	0	0	0	160.21602160216	0	0	0	0	0	0	0	0	0	0	0	0	0	0	0	0	0	0	0	0	0	0	0	0	0	0	0
2.13	0	0	5.6	0	2.8	8.4	0	0	2.8	0	0	0	0	0	0	100.8	0	145.7	0	0	0	0	0	0	0	0	16.8	39.2	0	0	0	0	0	0	0	11.2	0	630.3	0	0	0	0	0	36.4	0	0	0	0	0	0	0	0	0	0	0	0	0	0	0	0	0	0	0	0	0	0	0	0	0	0	0
2.15	0	0	20.2959408118376	0	10.1979604079184	15.1969606078784	0	0	10.1979604079184	0	0	0	0	0	0	167.46650669866	0	370.525894821036	0	0	0	0	0	0	0	0	10.1979604079184	45.6908618276345	0	0	0	0	0	0	0	30.493901219756	0	228.354329134173	15.1969606078784	5.09898020395921	0	0	0	71.0857828434313	0	0	0	0	0	0	0	0	0	0	0	0	0	0	0	0	0	0	0	0	0	0	0	0	0	0	0
2.19	0	0	15.6	0	0	20.8	0	0	15.6	0	0	0	0	0	0	140.6	0	161.5	0	0	0	0	0	0	0	0	0	130.2	0	0	0	0	5.2	0	0	0	0	468.8	0	5.2	0	0	0	31.3	0	0	0	0	0	5.2	0	0	0	0	0	0	0	0	0	0	0	0	0	0	0	0	0	0	0	0	0
2.25	0	0	9.8990100989901	0	0	0	0	2.4997500249975	12.3987601239876	0	0	0	0	0	0	56.8943105689431	0	168.283171682832	0	0	0	0	0	0	0	0	0	74.2925707429257	0	0	0	0	2.4997500249975	0	0	14.8985101489851	0	497.450254974503	0	19.7980201979802	0	0	0	136.086391360864	0	0	0	0	0	4.999500049995	0	0	0	0	0	0	0	0	0	0	0	0	0	0	0	0	0	0	0	0	0
2.29	0	0	0	0	1.7	5.1	0	0	1.7	0	0	0	0	0	0	75.2	0	104.3	0	0	0	0	0	1.7	0	0	12	83.8	0	0	0	0	1.7	0	0	0	0	687.2	3.4	0	0	0	0	17.1	0	0	0	0	0	5.1	0	0	0	0	0	0	0	0	0	0	0	0	0	0	0	0	0	0	0	0	0
2.34	0	0	0	0	0	0	0	0	17.2982701729827	0	0	0	0	0	0	62.7937206279372	0	149.385061493851	0	0	0	0	0	0	0	0	2.1997800219978	32.4967503249675	0	0	0	0	0	0	0	25.997400259974	0	644.935506449355	0	6.4993500649935	0	0	0	58.3941605839416	0	0	0	0	0	0	0	0	0	0	0	0	0	0	0	0	0	0	0	0	0	0	0	0	0	0	0
2.39	0	0	3.2	0	1.6	9.6	0	0	8	0	0	0	0	0	0	38.4	0	112	0	0	0	0	0	1.6	0	0	16	68.8	0	0	0	0	0	0	0	0	0	694.4	4.8	0	0	0	0	38.4	0	0	0	0	0	3.2	0	0	0	0	0	0	0	0	0	0	0	0	0	0	0	0	0	0	0	0	0
2.4	0	0	0	0	2.2002200220022	0	0	0	10.7010701070107	0	0	0	0	0	0	66.5066506650665	0	130.913091309131	0	0	0	0	0	0	0	0	6.4006400640064	62.2062206220622	0	0	0	0	0	0	0	8.6008600860086	0	637.363736373637	0	6.4006400640064	0	0	0	64.4064406440644	0	0	0	0	0	4.3004300430043	0	0	0	0	0	0	0	0	0	0	0	0	0	0	0	0	0	0	0	0	0
2.46	0	0	3.5996400359964	0	10.6989301069893	14.1985801419858	0	3.5996400359964	24.8975102489751	0	0	0	0	0	0	56.8943105689431	0	252.674732526747	0	0	0	0	0	0	0	0	24.8975102489751	81.8918108189181	0	0	0	0	0	0	0	7.0992900709929	0	444.755524447555	0	7.0992900709929	0	0	0	64.0935906409359	0	0	0	0	0	0	0	3.5996400359964	0	0	0	0	0	0	0	0	0	0	0	0	0	0	0	0	0	0	0
2.49	0	0	9.0990900909909	0	1.7998200179982	3.6996300369963	0	0	5.4994500549945	0	0	0	0	0	0	49.3950604939506	0	160.883911608839	0	0	0	0	0	0	0	0	12.7987201279872	102.389761023898	0	0	0	0	0	0	0	0	0	627.037296270373	0	1.7998200179982	0	0	0	25.5974402559744	0	0	0	0	0	0	0	0	0	0	0	0	0	0	0	0	0	0	0	0	0	0	0	0	0	0	0
2.55	0	0	8.1991800819918	0	12.2987701229877	8.1991800819918	0	8.1991800819918	12.2987701229877	0	0	0	0	0	0	135.286471352865	0	180.28197180282	0	0	0	0	0	4.0995900409959	0	0	16.3983601639836	147.485251474853	0	0	0	0	0	0	0	12.2987701229877	0	360.663933606639	4.0995900409959	4.0995900409959	0	0	0	69.6930306969303	0	0	0	0	0	12.2987701229877	0	4.0995900409959	0	0	0	0	0	0	0	0	0	0	0	0	0	0	0	0	0	0	0
2.59	0	0	3.3	0	0	3.3	0	0	13.2	0	0	0	0	0	0	125.4	0	204.6	0	0	0	0	0	0	0	0	9.9	115.5	0	0	0	0	0	0	0	0	0	455.5	0	0	0	0	0	66	0	0	0	0	0	3.3	0	0	0	0	0	0	0	0	0	0	0	0	0	0	0	0	0	0	0	0	0
2.63	0	0	10.2	0	0	10.2	0	0	0	0	0	0	0	0	0	51	0	255.1	0	0	0	0	0	0	0	0	10.2	142.9	0	0	0	0	0	0	0	0	0	316.3	0	20.4	0	0	0	142.9	0	0	0	0	0	40.8	0	0	0	0	0	0	0	0	0	0	0	0	0	0	0	0	0	0	0	0	0
2.69	0	0	6.3993600639936	0	6.3993600639936	4.2995700429957	0	4.2995700429957	10.5989401059894	0	0	0	0	0	0	91.2908709129087	0	159.184081591841	0	0	0	0	0	2.0997900209979	0	0	8.4991500849915	171.982801719828	0	0	0	0	0	0	0	0	0	424.557544245575	0	0	0	0	0	99.7900209979002	0	0	0	2.0997900209979	0	8.4991500849915	0	0	0	0	0	0	0	0	0	0	0	0	0	0	0	0	0	0	0	0	0
2.73	0	0	3.6996300369963	0	14.5985401459854	3.6996300369963	0	0	14.5985401459854	0	0	0	0	0	0	105.789421057894	0	207.979202079792	0	0	0	0	0	0	0	0	10.998900109989	124.087591240876	0	0	0	0	0	0	0	14.5985401459854	0	386.861313868613	0	21.8978102189781	0	0	0	83.8916108389161	0	0	0	0	0	7.2992700729927	0	0	0	0	0	0	0	0	0	0	0	0	0	0	0	0	0	0	0	0	0
2.78	0	0	2.2997700229977	0	0	4.6995300469953	2.2997700229977	0	9.2990700929907	0	0	0	0	0	0	69.8930106989301	0	139.88601139886	0	0	0	0	0	4.6995300469953	0	0	4.6995300469953	139.88601139886	0	0	0	0	0	0	0	0	0	585.041495850415	0	0	0	0	0	25.5974402559744	0	0	0	0	0	11.6988301169883	0	0	0	0	0	0	0	0	0	0	0	0	0	0	0	0	0	0	0	0	0
2.79	0	0	0	0	11.1	0	0	0	25.8	0	3.7	0	0	0	0	59	0	188.2	0	0	0	0	0	0	0	0	0	140.2	0	0	0	0	0	0	0	3.7	0	435.4	0	11.1	0	0	0	103.3	0	0	0	0	0	18.5	0	0	0	0	0	0	0	0	0	0	0	0	0	0	0	0	0	0	0	0	0
2.84	0	0	0	0	2.29931020693792	0	0	0	2.29931020693792	0	0	0	0	0	0	58.6823952814156	0	119.564130760772	0	0	0	0	0	0	0	0	2.29931020693792	92.5722283315005	0	0	0	0	0	0	0	29.3911826452064	0	631.910426871938	0	6.79796061181646	0	0	0	51.8844346695991	0	0	0	0	0	2.29931020693792	0	0	0	0	0	0	0	0	0	0	0	0	0	0	0	0	0	0	0	0	0
2.89	0	0	6.30126025205041	0	3.1006201240248	3.1006201240248	0	6.30126025205041	9.40188037607521	0	0	0	0	0	0	72.3144628925785	0	116.423284656931	0	0	0	0	0	3.1006201240248	0	0	15.7031406281256	128.925785157031	0	0	0	0	0	0	0	0	0	569.313862772554	15.7031406281256	0	0	0	0	47.2094418883777	0	0	0	0	0	3.1006201240248	0	0	0	0	0	0	0	0	0	0	0	0	0	0	0	0	0	0	0	0	0
2.95	0	0	4.8	0	9.6	0	0	0	14.4	0	0	0	0	0	0	81.7	0	250	0	0	0	0	0	0	0	0	4.8	125	0	0	0	0	0	0	0	96.2	0	360.6	0	0	0	0	0	52.9	0	0	0	0	0	0	0	0	0	0	0	0	0	0	0	0	0	0	0	0	0	0	0	0	0	0	0
2.99	0	0	4.9	0	4.9	7.3	0	2.4	0	0	0	0	0	0	0	85.6	0	110	0	0	0	0	0	0	0	0	12.2	85.6	0	0	0	0	0	0	0	2.4	0	552.6	24.5	0	0	0	0	90.5	0	0	0	0	0	9.8	0	0	0	0	0	0	0	7.3	0	0	0	0	0	0	0	0	0	0	0	0	0
3.04	0	0	26.9	0	0	0	0	3.4	13.5	0	0	0	0	0	0	111.1	0	306.4	0	0	0	0	0	0	0	0	23.6	303	0	0	0	0	0	0	0	0	0	60.6	0	6.7	0	0	0	138.1	0	0	0	0	0	6.7	0	0	0	0	0	0	0	0	0	0	0	0	0	0	0	0	0	0	0	0	0
3.08	0	0	5.69829051284615	0	2.89913026092172	0	0	2.89913026092172	0	0	0	0	0	0	0	76.8769369189243	0	225.032490252924	0	0	0	0	0	0	0	0	2.89913026092172	242.127361791463	0	0	0	0	0	0	0	54.0837748675397	0	247.825652304309	0	2.89913026092172	0	0	0	136.758972308308	0	0	0	0	0	0	0	0	0	0	0	0	0	0	0	0	0	0	0	0	0	0	0	0	0	0	0
3.09	0	3.19936012797441	9.69806038792242	0	6.49870025994801	6.49870025994801	0	0	3.19936012797441	0	0	0	0	0	0	80.6838632273545	0	203.159368126375	0	0	0	0	0	0	0	0	16.0967806438712	161.26774645071	0	0	0	0	0	0	0	0	0	335.432913417317	35.4929014197161	0	0	0	0	132.273545290942	0	0	0	0	0	6.49870025994801	0	0	0	0	0	0	0	0	0	0	0	0	0	0	0	0	0	0	0	0	0
3.15	0	2.3997600239976	9.6990300969903	0	2.3997600239976	0	0	2.3997600239976	7.2992700729927	0	0	0	0	0	0	113.788621137886	0	229.97700229977	0	0	0	0	0	2.3997600239976	0	0	16.998300169983	259.074092590741	0	0	0	0	0	0	0	7.2992700729927	0	244.575542445755	9.6990300969903	0	0	0	0	82.2917708229177	0	0	0	0	0	9.6990300969903	0	0	0	0	0	0	0	0	0	0	0	0	0	0	0	0	0	0	0	0	0
3.19	0	0	10.3968809357193	0	0	6.89793062081376	0	3.49895031490553	3.49895031490553	0	0	0	0	0	0	44.9865040487854	0	204.138758372488	0	0	0	0	0	3.49895031490553	0	0	6.89793062081376	124.562631210637	0	0	0	0	0	0	0	0	0	356.29311206638	44.9865040487854	3.49895031490553	0	0	0	183.34499650105	0	0	0	0	0	3.49895031490553	0	0	0	0	0	0	0	0	0	0	0	0	0	0	0	0	0	0	0	0	0
3.29	0	0	10.4	0	2.6	2.6	0	0	5.2	0	0	0	0	0	0	54.7	0	250	0	0	0	0	0	0	0	0	15.6	200.5	0	0	0	0	0	0	0	0	0	354.2	31.3	2.6	0	0	0	70.3	0	0	0	0	0	0	0	0	0	0	0	0	0	0	0	0	0	0	0	0	0	0	0	0	0	0	0
3.35	0	0	0	0	3.8996100389961	0	1.8998100189981	0	1.8998100189981	0	0	0	0	0	0	74.992500749925	0	290.37096290371	0	0	0	0	0	0	0	0	13.4986501349865	288.471152884712	0	0	0	0	0	0	0	1.8998100189981	0	213.478652134787	7.6992300769923	0	0	0	0	99.9900009999	0	0	0	0	0	1.8998100189981	0	0	0	0	0	0	0	0	0	0	0	0	0	0	0	0	0	0	0	0	0
3.39	0	1.999800019998	1.999800019998	0	1.999800019998	3.999600039996	0	0	7.999200079992	0	0	0	0	0	0	79.7920207979202	0	249.47505249475	0	0	0	0	0	0	0	0	23.997600239976	199.5800419958	0	0	0	0	0	0	0	0	0	301.369863013699	15.998400159984	3.999600039996	0	0	0	101.789821017898	0	0	0	0	0	5.999400059994	0	0	0	0	0	0	0	0	0	0	0	0	0	0	0	0	0	0	0	0	0
3.45	0	0	0	0	0	5.89882023595281	0	2.999400119976	5.89882023595281	0	0	0	0	0	0	44.2911417716457	0	244.751049790042	0	0	0	0	0	0	0	0	14.7970405918816	144.471105778844	0	0	0	0	0	0	0	56.0887822435513	0	448.310337932413	0	0	0	0	0	29.494101179764	0	0	0	0	0	0	0	2.999400119976	0	0	0	0	0	0	0	0	0	0	0	0	0	0	0	0	0	0	0
3.49	0	0	1.8996200759848	0	1.8996200759848	3.79924015196961	1.8996200759848	0	0	0	0	0	0	0	0	56.3887222555489	0	411.617676464707	0	0	0	0	0	1.8996200759848	0	0	24.3951209758048	234.95300939812	0	0	0	0	0	0	0	0	0	242.45150969806	9.39812037592482	0	0	0	0	3.79924015196961	0	0	0	0	0	5.59888022395521	0	0	0	0	0	0	0	0	0	0	0	0	0	0	0	0	0	0	0	0	0
3.55	0	0	0	0	1.6996600679864	0	0	1.6996600679864	0	0	0	0	0	0	0	30.3939212157569	0	494.001199760048	0	0	0	0	0	0	0	0	18.5962807438512	239.452109578084	0	0	0	0	0	0	0	1.6996600679864	0	128.174365126975	37.0925814837033	0	0	0	0	38.7922415516897	0	0	0	0	0	8.39832033593281	0	0	0	0	0	0	0	0	0	0	0	0	0	0	0	0	0	0	0	0	0
3.59	0	0	0	0	0	2.6	0	0	0	0	0	0	0	0	0	49.9	0	343.8	0	0	0	0	0	0	0	0	47.2	139.1	0	0	0	0	0	0	0	0	0	322.8	39.4	0	0	0	0	26.3	0	0	0	0	0	26.3	0	0	0	0	0	0	2.6	0	0	0	0	0	0	0	0	0	0	0	0	0	0
3.62	0	0	0	0	0	0	0	0	5.6994300569943	0	0	0	0	0	0	25.5974402559744	0	319.068093190681	0	0	0	0	0	0	0	0	8.5991400859914	119.68803119688	0	0	0	0	0	0	0	5.6994300569943	0	424.457554244576	11.3988601139886	11.3988601139886	0	0	0	59.7940205979402	0	0	0	0	0	8.5991400859914	0	0	0	0	0	0	0	0	0	0	0	0	0	0	0	0	0	0	0	0	0
3.65	0	0	0	0	5.2	0	0	0	0	0	0	0	0	0	0	26	0	351.6	0	0	0	0	0	0	0	0	15.6	161.5	0	0	0	0	0	0	0	41.7	0	304.7	2.6	5.2	0	0	0	85.9	0	0	0	0	0	0	0	0	0	0	0	0	0	0	0	0	0	0	0	0	0	0	0	0	0	0	0
3.69	0	0	0	0	6.7993200679932	3.3996600339966	3.3996600339966	0	3.3996600339966	0	0	0	0	0	0	77.992200779922	0	111.888811118888	0	0	0	0	0	0	0	0	20.2979702029797	84.7915208479152	0	0	0	0	0	0	0	0	0	223.677632236776	0	0	0	0	0	440.655934406559	0	0	0	0	0	20.2979702029797	0	0	0	0	0	0	3.3996600339966	0	0	0	0	0	0	0	0	0	0	0	0	0	0
3.73	0	0	2.69919024292712	0	2.69919024292712	0	0	0	0	0	0	0	0	0	0	47.8856343097071	0	106.368089573128	0	0	0	0	0	0	0	0	15.9952014395681	154.253723882835	0	0	0	0	0	0	0	31.890432870139	0	303.109067279816	0	2.69919024292712	0	0	0	319.104268719384	0	0	0	0	0	13.296011196641	0	0	0	0	0	0	0	0	0	0	0	0	0	0	0	0	0	0	0	0	0
3.76	0	0	0	0	15.244208203791	0	0	9.22675759703139	0	0	0	0	0	0	0	61.177414502056	0	253.836124761809	0	0	0	0	0	0	0	0	12.2354829004112	97.8838632032895	0	0	0	0	0	0	0	51.9506569050246	0	238.491625714572	0	0	0	0	0	250.727108614983	0	0	0	0	0	9.22675759703139	0	0	0	0	0	0	0	0	0	0	0	0	0	0	0	0	0	0	0	0	0
3.79	0	0	4.50090018003601	0	0	4.50090018003601	0	2.2004400880176	0	0	0	0	0	0	0	26.9053810762152	0	273.554710942188	0	0	0	0	0	2.2004400880176	0	0	17.9035807161432	159.231846369274	0	0	0	0	0	0	0	0	0	313.962792558512	22.4044808961792	2.2004400880176	0	0	0	148.029605921184	0	0	0	0	0	22.4044808961792	0	0	0	0	0	0	0	0	0	0	0	0	0	0	0	0	0	0	0	0	0
3.82	0	0	0	0	23.2976702329767	0	0	0	0	0	0	0	0	0	0	38.7961203879612	0	30.996900309969	0	0	0	0	0	0	0	0	0	139.486051394861	0	0	0	0	0	0	0	38.7961203879612	0	46.4953504649535	0	15.4984501549845	0	0	0	666.633336666333	0	0	0	0	0	0	0	0	0	0	0	0	0	0	0	0	0	0	0	0	0	0	0	0	0	0	0
3.85	0	0	0	0	0	0	0	0	28.874305906108	0	0	0	0	0	0	38.4654215042908	0	28.874305906108	0	0	0	0	0	9.59111559818274	0	0	9.59111559818274	76.9308430085815	0	0	0	0	0	0	0	9.59111559818274	0	0	0	38.4654215042908	0	0	0	750.02523977789	0	0	0	0	0	9.59111559818274	0	0	0	0	0	0	0	0	0	0	0	0	0	0	0	0	0	0	0	0	0
3.89	0	7.59848030393921	7.59848030393921	0	7.59848030393921	0	0	0	0	0	0	0	0	0	0	15.1969606078784	0	30.2939412117576	0	0	0	0	0	0	0	0	0	52.9894021195761	0	0	0	0	0	0	0	0	0	45.4909018196361	0	90.881823635273	0	0	0	734.753049390122	0	0	0	0	0	7.59848030393921	0	0	0	0	0	0	0	0	0	0	0	0	0	0	0	0	0	0	0	0	0
3.92	0	0	0	0	0	0	0	0	6.5	0	0	0	0	0	0	35.5	0	290.3	0	0	0	0	0	0	0	0	0	154.8	0	0	0	0	0	0	0	41.9	0	212.9	6.5	9.7	0	0	0	238.7	0	0	0	0	0	0	0	0	0	0	0	0	0	3.2	0	0	0	0	0	0	0	0	0	0	0	0	0
3.95	0	0	0	0	12.1975604879024	6.09878024395121	0	6.09878024395121	0	0	0	0	0	0	0	60.9878024395121	0	134.173165366927	0	0	0	0	0	6.09878024395121	0	0	6.09878024395121	97.5804839032194	0	0	0	0	0	0	0	0	0	298.74025194961	0	12.1975604879024	0	0	0	359.728054389122	0	0	0	0	0	0	0	0	0	0	0	0	0	0	0	0	0	0	0	0	0	0	0	0	0	0	0
3.99	0	0	0	0	22.2044408881776	0	0	0	0	0	0	0	0	0	0	111.122224444889	0	244.448889777956	0	0	0	0	0	22.2044408881776	0	0	22.2044408881776	133.326665333067	0	0	0	0	0	0	0	0	0	66.7133426685337	0	22.2044408881776	22.2044408881776	0	0	333.366673334667	0	0	0	0	0	0	0	0	0	0	0	0	0	0	0	0	0	0	0	0	0	0	0	0	0	0	0
4.02	0	0	0	0	108.689131086891	0	0	21.6978302169783	21.6978302169783	0	0	0	0	0	0	108.689131086891	0	152.184781521848	0	0	0	0	0	65.1934806519348	0	0	0	86.991300869913	0	0	0	0	0	0	0	43.4956504349565	0	304.369563043696	0	0	0	0	0	86.991300869913	0	0	0	0	0	0	0	0	0	0	0	0	0	0	0	0	0	0	0	0	0	0	0	0	0	0	0
4.05	0	0	13.5013501350135	0	135.113511351135	40.5040504050405	13.5013501350135	0	0	0	0	0	0	0	0	337.833783378338	0	67.6067606760676	0	0	0	0	0	148.714871487149	0	0	13.5013501350135	40.5040504050405	0	0	0	0	0	0	0	13.5013501350135	0	148.714871487149	0	0	0	0	0	27.002700270027	0	0	0	0	0	0	0	0	0	0	0	0	0	0	0	0	0	0	0	0	0	0	0	0	0	0	0
4.12	0	0	0	0	19.8019801980198	39.6039603960396	0	0	9.9009900990099	0	0	0	0	0	0	178.217821782178	0	366.336633663366	0	0	0	0	0	29.7029702970297	0	0	0	99.009900990099	0	0	0	0	0	0	0	0	0	217.821782178218	9.9009900990099	0	0	0	0	29.7029702970297	0	0	0	0	0	0	0	0	0	0	0	0	0	0	0	0	0	0	0	0	0	0	0	0	0	0	0
4.15	0	0	10.7967609717085	0	42.9871038688393	0	10.7967609717085	0	0	0	0	0	0	0	0	193.541937418774	0	225.732280315905	0	0	0	0	0	32.2903129061282	0	0	10.7967609717085	150.454863540938	0	0	0	0	0	0	0	10.7967609717085	0	268.719384184745	10.7967609717085	0	0	0	0	21.4935519344197	0	0	0	0	0	0	0	10.7967609717085	0	0	0	0	0	0	0	0	0	0	0	0	0	0	0	0	0	0	0
4.22	0	0	18.1963607278544	0	145.470905818836	0	0	18.1963607278544	18.1963607278544	0	0	0	0	0	0	199.9600079984	0	90.881823635273	0	0	0	0	0	18.1963607278544	0	0	0	199.9600079984	0	0	0	0	0	0	0	0	0	145.470905818836	0	0	0	0	0	145.470905818836	0	0	0	0	0	0	0	0	0	0	0	0	0	0	0	0	0	0	0	0	0	0	0	0	0	0	0
4.25	0	0	18.1963607278544	0	163.567286542691	0	18.1963607278544	0	18.1963607278544	0	0	0	0	0	0	145.470905818836	0	236.352729454109	0	0	0	0	0	18.1963607278544	0	0	18.1963607278544	90.881823635273	0	0	0	0	0	0	0	54.5890821835633	0	163.567286542691	0	0	0	0	0	54.5890821835633	0	0	0	0	0	0	0	0	0	0	0	0	0	0	0	0	0	0	0	0	0	0	0	0	0	0	0
4.32	0	0	0	0	44.8	0	0	14.9	14.9	0	0	0	0	0	0	59.7	0	119.4	0	0	0	0	0	0	0	0	14.9	59.7	0	0	0	0	0	0	0	29.9	0	164.2	0	0	0	0	0	477.6	0	0	0	0	0	0	0	0	0	0	0	0	0	0	0	0	0	0	0	0	0	0	0	0	0	0	0
4.35	0	0	0	0	10.7989201079892	5.3994600539946	0	0	5.3994600539946	0	0	0	0	0	0	16.0983901609839	0	102.189781021898	0	0	0	0	0	0	0	0	0	42.995700429957	0	0	0	0	0	0	0	21.4978502149785	0	26.8973102689731	0	0	0	0	0	763.323667633237	0	0	0	0	0	5.3994600539946	0	0	0	0	0	0	0	0	0	0	0	0	0	0	0	0	0	0	0	0	0
4.39	0	0	0	0	8.89733080075977	0	0	0	0	0	0	0	0	8.89733080075977	0	0	0	61.9814055783265	0	0	0	0	0	0	0	0	0	8.89733080075977	0	0	0	0	0	0	0	0	0	0	0	17.6946915925222	0	0	0	884.734579626112	0	0	0	0	0	8.89733080075977	0	0	0	0	0	0	0	0	0	0	0	0	0	0	0	0	0	0	0	0	0
4.43	0	0	4.8004800480048	0	33.7033703370337	0	0	0	0	0	0	0	0	0	0	24.002400240024	0	9.6009600960096	0	0	0	0	0	4.8004800480048	0	0	0	4.8004800480048	0	0	0	0	0	0	0	0	0	24.002400240024	0	0	0	0	0	884.688468846885	0	0	0	0	0	9.6009600960096	0	0	0	0	0	0	0	0	0	0	0	0	0	0	0	0	0	0	0	0	0
4.46	0	0	0	0	0	0	0	2.8002800280028	0	0	0	0	0	0	0	8.5008500850085	0	124.312431243124	0	0	0	0	0	2.8002800280028	0	0	0	36.7036703670367	0	0	0	0	0	0	0	2.8002800280028	0	45.2045204520452	0	8.5008500850085	0	0	0	754.275427542754	0	0	0	0	0	14.1014101410141	0	0	0	0	0	0	0	0	0	0	0	0	0	0	0	0	0	0	0	0	0
4.49	0	0	55.6	0	0	0	0	0	0	0	0	0	0	0	0	0	0	111.1	0	0	0	0	0	0	0	0	0	0	0	0	0	0	0	0	0	0	0	0	0	0	0	0	0	833.3	0	0	0	0	0	0	0	0	0	0	0	0	0	0	0	0	0	0	0	0	0	0	0	0	0	0	0
4.52	0	0	56.2943705629437	0	42.2957704229577	0	14.0985901409859	0	0	0	0	0	0	0	0	0	0	28.1971802819718	0	0	0	0	0	0	0	0	0	0	0	0	0	0	0	0	0	14.0985901409859	0	0	0	0	0	0	0	845.015498450155	0	0	0	0	0	0	0	0	0	0	0	0	0	0	0	0	0	0	0	0	0	0	0	0	0	0	0
4.55	0	0	0	0	15.1	0	0	0	6	0	0	0	0	0	0	18.1	0	30.1	0	0	0	0	0	0	0	0	0	15.1	0	0	0	0	0	0	0	9	0	0	0	9	0	0	0	897.6	0	0	0	0	0	0	0	0	0	0	0	0	0	0	0	0	0	0	0	0	0	0	0	0	0	0	0
4.63	0	0	190.519051905191	0	0	0	0	0	0	0	0	0	0	0	0	47.6047604760476	0	333.333333333333	0	0	0	0	0	47.6047604760476	0	0	0	47.6047604760476	0	0	0	0	47.6047604760476	0	0	47.6047604760476	0	190.519051905191	0	0	0	0	0	47.6047604760476	0	0	0	0	0	0	0	0	0	0	0	0	0	0	0	0	0	0	0	0	0	0	0	0	0	0	0
4.73	0	0	200.0200020002	0	0	0	0	0	0	0	0	0	0	0	0	133.313331333133	0	483.348334833483	0	0	0	0	0	0	0	0	0	116.711671167117	0	0	0	0	0	0	0	0	0	33.3033303330333	0	0	0	0	0	33.3033303330333	0	0	0	0	0	0	0	0	0	0	0	0	0	0	0	0	0	0	0	0	0	0	0	0	0	0	0
4.75	0	0	122.5	0	0	0	0	0	0	0	0	0	0	0	0	81.6	0	530.6	0	0	0	0	0	0	0	0	20.4	20.4	0	0	0	0	0	0	0	20.4	0	0	0	0	0	0	0	204.1	0	0	0	0	0	0	0	0	0	0	0	0	0	0	0	0	0	0	0	0	0	0	0	0	0	0	0
4.79	0	0	160.045757071547	0	79.9708818635607	0	0	0	0	0	0	0	0	0	0	199.979201331115	0	360.024958402662	0	0	0	0	0	0	0	0	0	79.9708818635607	0	0	0	0	0	0	0	120.008319467554	0	0	0	0	0	0	0	0	0	0	0	0	0	0	0	0	0	0	0	0	0	0	0	0	0	0	0	0	0	0	0	0	0	0	0
4.83	0	0	45.4954504549545	0	0	0	0	0	0	0	0	0	0	0	0	0	0	409.059094090591	0	0	0	0	0	0	0	0	0	45.4954504549545	0	0	0	0	0	0	0	0	0	45.4954504549545	0	90.8909109089091	0	0	0	363.563643635636	0	0	0	0	0	0	0	0	0	0	0	0	0	0	0	0	0	0	0	0	0	0	0	0	0	0	0
4.93	0	0	0	0	50	0	0	0	0	0	0	0	0	0	0	200	0	150	0	0	0	0	0	50	0	0	0	150	0	0	0	0	0	0	0	100	0	50	0	0	0	0	0	250	0	0	0	0	0	0	0	0	0	0	0	0	0	0	0	0	0	0	0	0	0	0	0	0	0	0	0
5.09	0	0	216.2	0	27	0	0	0	81.1	0	0	0	0	0	0	81.1	0	243.2	0	0	0	0	0	0	0	0	0	81.1	0	0	0	0	0	0	0	27	0	54.1	0	0	0	0	0	189.2	0	0	0	0	0	0	0	0	0	0	0	0	0	0	0	0	0	0	0	0	0	0	0	0	0	0	0
5.16	0	0	68.9862027594481	0	34.4931013797241	0	0	0	0	0	0	0	0	0	0	0	0	275.844831033793	0	0	0	0	0	0	0	0	0	103.479304139172	0	0	0	0	0	0	0	68.9862027594481	0	103.479304139172	0	0	0	0	0	344.731053789242	0	0	0	0	0	0	0	0	0	0	0	0	0	0	0	0	0	0	0	0	0	0	0	0	0	0	0
5.19	0	0	42.5914817036593	0	21.2957408518296	0	21.2957408518296	0	42.5914817036593	0	0	0	0	0	0	21.2957408518296	0	404.219156168766	0	0	0	0	0	0	0	0	63.7872425514897	85.0829834033193	0	0	0	0	0	0	0	85.0829834033193	0	106.378724255149	0	0	0	0	0	106.378724255149	0	0	0	0	0	0	0	0	0	0	0	0	0	0	0	0	0	0	0	0	0	0	0	0	0	0	0
5.25	0	0	52.6	0	0	0	26.3	0	105.3	0	0	0	0	0	0	52.6	0	368.4	0	0	0	0	0	0	0	0	52.6	79	0	0	0	0	0	0	0	26.3	0	79	0	26.3	0	0	0	131.6	0	0	0	0	0	0	0	0	0	0	0	0	0	0	0	0	0	0	0	0	0	0	0	0	0	0	0
5.29	0	0	370.36296370363	0	74.0925907409259	0	0	0	0	0	0	0	0	0	0	111.088891110889	0	148.185181481852	0	0	0	0	0	0	0	0	0	74.0925907409259	0	0	0	0	0	0	0	0	0	0	0	0	0	0	0	185.181481851815	0	0	0	0	0	36.996300369963	0	0	0	0	0	0	0	0	0	0	0	0	0	0	0	0	0	0	0	0	0
5.99	0	0	50	0	100	0	0	0	0	0	0	0	0	0	0	200	0	350	0	0	0	0	0	0	0	0	0	50	0	0	0	0	0	0	0	0	0	150	0	0	0	0	0	100	0	0	0	0	0	0	0	0	0	0	0	0	0	0	0	0	0	0	0	0	0	0	0	0	0	0	0
6.09	0	0	64.5	0	64.5	0	0	0	0	0	0	0	0	0	0	225.8	0	225.8	0	0	0	0	0	0	0	0	32.3	32.3	0	0	0	0	0	0	0	0	0	129	0	96.8	0	0	0	129	0	0	0	0	0	0	0	0	0	0	0	0	0	0	0	0	0	0	0	0	0	0	0	0	0	0	0
6.29	0	0	90.9090909090909	0	22.7022702270227	0	0	0	45.5045504550455	0	0	0	0	0	0	522.752275227523	0	90.9090909090909	0	0	0	0	0	0	0	0	0	22.7022702270227	0	0	0	0	0	0	0	0	0	113.611361136114	0	68.2068206820682	0	0	0	22.7022702270227	0	0	0	0	0	0	0	0	0	0	0	0	0	0	0	0	0	0	0	0	0	0	0	0	0	0	0
6.39	0	0	87.7087708770877	0	0	0	0	0	0	0	0	0	0	0	0	210.521052105211	0	245.624562456246	0	0	0	0	0	0	0	0	17.5017501750175	17.5017501750175	0	0	0	0	0	0	0	35.1035103510351	0	157.915791579158	0	70.2070207020702	0	0	0	157.915791579158	0	0	0	0	0	0	0	0	0	0	0	0	0	0	0	0	0	0	0	0	0	0	0	0	0	0	0
6.49	0	0	128.987101289871	0	0	0	0	0	0	0	0	0	0	0	0	161.283871612839	0	193.580641935806	0	0	0	0	0	0	0	0	0	32.2967703229677	0	0	0	0	0	0	0	0	0	128.987101289871	0	258.074192580742	0	0	0	32.2967703229677	0	0	0	0	0	64.4935506449355	0	0	0	0	0	0	0	0	0	0	0	0	0	0	0	0	0	0	0	0	0
6.69	0	0	86.2	0	0	0	0	0	0	0	0	0	0	0	0	396.6	0	137.9	0	0	0	0	0	0	0	0	0	0	0	0	0	0	0	0	0	0	0	86.2	0	17.2	0	0	0	275.9	0	0	0	0	0	0	0	0	0	0	0	0	0	0	0	0	0	0	0	0	0	0	0	0	0	0	0
6.78	0	0	218.734379686094	0	62.481255623313	31.2906128161552	0	0	31.2906128161552	0	0	0	0	0	0	312.406278116565	0	93.7718684394682	0	0	0	0	0	0	0	0	0	0	0	0	0	0	0	0	0	0	0	124.962511246626	0	62.481255623313	0	0	0	31.2906128161552	0	0	0	0	0	31.2906128161552	0	0	0	0	0	0	0	0	0	0	0	0	0	0	0	0	0	0	0	0	0
6.88	0	0	115.411541154115	0	76.9076907690769	0	0	0	0	0	0	0	0	0	0	480.848084808481	0	192.319231923192	0	0	0	0	0	0	0	0	19.2019201920192	0	0	0	0	0	0	0	0	0	0	57.7057705770577	0	19.2019201920192	0	0	0	19.2019201920192	0	0	0	0	0	19.2019201920192	0	0	0	0	0	0	0	0	0	0	0	0	0	0	0	0	0	0	0	0	0
6.99	0	0	151.515151515152	0	60.6060606060606	0	0	0	0	0	0	0	0	0	0	212.121212121212	0	212.121212121212	0	0	0	0	0	0	0	0	0	30.3030303030303	0	0	0	0	0	0	0	0	0	151.515151515152	0	60.6060606060606	0	0	0	121.212121212121	0	0	0	0	0	0	0	0	0	0	0	0	0	0	0	0	0	0	0	0	0	0	0	0	0	0	0
7.09	0	0	235.3	0	58.8	0	0	0	0	0	0	0	0	0	0	529.4	0	117.7	0	0	0	0	0	0	0	0	0	0	0	0	0	0	0	0	0	0	0	29.4	0	29.4	0	0	0	0	0	0	0	0	0	0	0	0	0	0	0	0	0	0	0	0	0	0	0	0	0	0	0	0	0	0	0
7.18	0	0	125	0	83.3	0	41.7	0	0	0	0	0	0	0	0	41.7	0	416.7	0	0	0	0	0	0	0	0	0	0	0	0	0	0	0	0	0	0	0	83.3	0	0	0	0	0	208.3	0	0	0	0	0	0	0	0	0	0	0	0	0	0	0	0	0	0	0	0	0	0	0	0	0	0	0
7.77	0	0	225.8	0	129	0	0	32.3	64.5	0	0	0	0	0	0	322.6	0	96.8	0	0	0	0	0	0	0	0	0	0	0	0	0	0	0	0	0	0	0	64.5	0	0	0	0	0	64.5	0	0	0	0	0	0	0	0	0	0	0	0	0	0	0	0	0	0	0	0	0	0	0	0	0	0	0
7.87	0	0	126.587341265873	0	25.2974702529747	12.6987301269873	0	12.6987301269873	0	0	0	0	0	0	0	227.877212278772	0	240.47595240476	0	0	0	0	0	0	0	0	0	0	0	0	0	0	0	0	0	0	0	177.182281771823	0	37.996200379962	0	0	0	139.186081391861	0	0	0	0	0	0	0	0	0	0	0	0	0	0	0	0	0	0	0	0	0	0	0	0	0	0	0
7.97	0	0	454.6	0	60.6	0	0	0	30.3	0	0	0	0	0	0	151.5	0	30.3	0	0	0	0	0	0	0	0	0	30.3	0	0	0	0	0	0	0	0	0	90.9	0	0	0	0	0	151.5	0	0	0	0	0	0	0	0	0	0	0	0	0	0	0	0	0	0	0	0	0	0	0	0	0	0	0
8.07	0	0	173.9	0	0	0	0	0	0	0	0	0	0	0	0	260.9	0	173.9	0	0	0	0	0	0	0	0	0	65.2	0	0	0	0	0	0	0	0	0	173.9	21.7	0	0	0	0	87	0	0	0	0	0	43.5	0	0	0	0	0	0	0	0	0	0	0	0	0	0	0	0	0	0	0	0	0
8.17	0	0	360	0	80	0	0	0	0	0	0	0	0	0	0	200	0	160	0	0	0	0	0	0	0	0	40	0	0	0	0	0	0	0	0	0	0	40	0	80	0	0	0	40	0	0	0	0	0	0	0	0	0	0	0	0	0	0	0	0	0	0	0	0	0	0	0	0	0	0	0
8.37	0	0	303.030303030303	0	0	0	0	0	0	0	0	0	0	0	0	60.6060606060606	0	181.818181818182	0	0	0	0	0	0	0	0	0	30.3030303030303	0	0	0	0	0	0	0	0	0	0	0	90.9090909090909	0	0	0	242.424242424242	0	0	0	0	0	90.9090909090909	0	0	0	0	0	0	0	0	0	0	0	0	0	0	0	0	0	0	0	0	0
8.47	0	0	186.362727454509	0	50.8898220355929	0	0	0	16.996600679864	0	0	0	0	0	0	33.8932213557289	0	237.252549490102	0	0	0	0	0	0	0	0	33.8932213557289	16.996600679864	0	0	0	0	0	0	0	0	0	135.572885422915	0	50.8898220355929	0	0	0	186.362727454509	0	0	0	0	0	50.8898220355929	0	0	0	0	0	0	0	0	0	0	0	0	0	0	0	0	0	0	0	0	0
8.57	0	0	363.636363636364	0	30.3030303030303	0	0	0	0	0	0	0	0	0	0	90.9090909090909	0	60.6060606060606	0	0	0	0	0	0	0	0	30.3030303030303	30.3030303030303	0	0	0	0	0	0	0	0	0	181.818181818182	0	0	0	0	0	151.515151515152	0	0	0	0	0	60.6060606060606	0	0	0	0	0	0	0	0	0	0	0	0	0	0	0	0	0	0	0	0	0
8.67	0	0	292.670732926707	0	24.3975602439756	0	0	0	0	0	0	0	0	0	0	146.285371462854	0	365.863413658634	0	0	0	0	0	0	0	0	0	24.3975602439756	0	0	0	0	0	0	0	0	0	97.5902409759024	24.3975602439756	0	0	0	0	24.3975602439756	0	0	0	0	0	0	0	0	0	0	0	0	0	0	0	0	0	0	0	0	0	0	0	0	0	0	0
8.77	0	0	87	0	0	0	0	0	0	0	0	0	0	0	0	543.5	0	239.1	0	0	0	0	0	0	0	0	0	0	0	0	0	0	0	0	0	0	0	21.7	43.5	0	0	0	0	43.5	0	0	0	0	0	21.7	0	0	0	0	0	0	0	0	0	0	0	0	0	0	0	0	0	0	0	0	0
8.87	0	0	191.2	0	29.4	0	0	0	44.1	0	0	0	0	0	0	220.6	0	294.1	0	0	0	0	0	0	0	0	29.4	29.4	0	0	0	0	0	0	0	0	0	147.1	0	0	0	0	0	14.7	0	0	0	0	0	0	0	0	0	0	0	0	0	0	0	0	0	0	0	0	0	0	0	0	0	0	0
8.97	0	0	83.3083308330833	0	33.3033303330333	33.3033303330333	0	0	16.7016701670167	0	0	0	0	0	0	216.721672167217	0	433.343334333433	0	0	0	0	0	0	0	0	0	50.00500050005	0	0	0	0	0	0	0	0	0	133.313331333133	0	0	0	0	0	0	0	0	0	0	0	0	0	0	0	0	0	0	0	0	0	0	0	0	0	0	0	0	0	0	0	0	0
9.07	0	0	193.561287742452	0	32.2935412917417	0	0	0	0	0	0	0	0	0	0	515.996800639872	0	161.26774645071	0	0	0	0	0	0	0	0	32.2935412917417	0	0	0	0	0	0	0	0	0	0	32.2935412917417	0	0	0	0	0	32.2935412917417	0	0	0	0	0	0	0	0	0	0	0	0	0	0	0	0	0	0	0	0	0	0	0	0	0	0	0
9.17	0	0	200	0	50	0	0	100	100	0	0	0	0	0	0	250	0	150	0	0	0	0	0	0	0	0	50	100	0	0	0	0	0	0	0	0	0	0	0	0	0	0	0	0	0	0	0	0	0	0	0	0	0	0	0	0	0	0	0	0	0	0	0	0	0	0	0	0	0	0	0
9.27	0	0	38.996100389961	0	12.998700129987	12.998700129987	0	0	25.997400259974	0	0	0	0	0	0	90.8909109089091	0	259.67403259674	0	0	0	0	0	0	0	0	0	25.997400259974	0	0	0	0	0	0	0	0	0	38.996100389961	0	0	0	0	0	493.450654934507	0	0	0	0	0	0	0	0	0	0	0	0	0	0	0	0	0	0	0	0	0	0	0	0	0	0	0
9.37	0	0	136.986301369863	0	13.6986301369863	27.3972602739726	0	0	0	0	0	0	0	0	0	205.479452054795	0	109.58904109589	0	0	0	0	0	0	0	0	13.6986301369863	27.3972602739726	0	0	0	0	0	0	0	0	0	95.8904109589041	0	0	0	0	0	369.86301369863	0	0	0	0	0	0	0	0	0	0	0	0	0	0	0	0	0	0	0	0	0	0	0	0	0	0	0
10.07	0	0	290.3	0	0	0	32.3	0	0	0	0	0	0	0	0	96.8	0	64.5	0	0	0	0	0	0	0	0	0	64.5	0	0	0	0	0	0	0	0	0	0	0	0	0	0	0	451.6	0	0	0	0	0	0	0	0	0	0	0	0	0	0	0	0	0	0	0	0	0	0	0	0	0	0	0
10.17	0	0	608.639136086391	0	0	43.4956504349565	43.4956504349565	0	0	0	0	0	0	0	0	86.991300869913	0	43.4956504349565	0	0	0	0	0	0	0	0	0	0	0	0	0	0	0	0	0	0	0	43.4956504349565	0	0	0	0	0	130.38696130387	0	0	0	0	0	0	0	0	0	0	0	0	0	0	0	0	0	0	0	0	0	0	0	0	0	0	0
10.57	0	0	0	0	0	0	0	0	0	0	0	0	0	0	0	142.9	0	95.2	0	0	0	0	0	0	0	0	0	0	0	0	0	0	0	0	0	0	0	0	0	0	0	0	0	761.9	0	0	0	0	0	0	0	0	0	0	0	0	0	0	0	0	0	0	0	0	0	0	0	0	0	0	0
10.77	0	0	43.4956504349565	0	43.4956504349565	43.4956504349565	0	0	0	0	0	0	0	0	0	521.647835216478	0	86.991300869913	0	0	0	0	0	0	0	0	0	173.882611738826	0	0	0	0	0	0	0	0	0	0	0	0	0	0	0	86.991300869913	0	0	0	0	0	0	0	0	0	0	0	0	0	0	0	0	0	0	0	0	0	0	0	0	0	0	0
10.87	0	0	62.4875024995001	0	31.2937412517496	62.4875024995001	0	0	0	0	0	0	0	0	0	437.412517496501	0	31.2937412517496	0	0	0	0	0	0	0	0	31.2937412517496	31.2937412517496	0	0	0	0	0	0	0	0	0	0	0	0	0	0	0	312.437512497501	0	0	0	0	0	0	0	0	0	0	0	0	0	0	0	0	0	0	0	0	0	0	0	0	0	0	0
11	0	0	25	0	0	25	0	0	25	0	0	0	0	0	0	525	0	50	0	0	0	0	0	0	0	0	0	0	0	0	0	0	0	0	0	25	0	50	0	0	0	0	0	275	0	0	0	0	0	0	0	0	0	0	0	0	0	0	0	0	0	0	0	0	0	0	0	0	0	0	0
11.2	0	0	106.389361063894	0	21.2978702129787	63.7936206379362	0	0	21.2978702129787	0	0	0	0	0	0	233.976602339766	0	191.480851914809	0	0	0	0	0	0	21.2978702129787	0	42.5957404259574	21.2978702129787	0	0	0	0	0	0	0	0	0	255.274472552745	0	0	0	0	0	21.2978702129787	0	0	0	0	0	0	0	0	0	0	0	0	0	0	0	0	0	0	0	0	0	0	0	0	0	0	0
11.3	0	0	44.4044404440444	0	44.4044404440444	22.2022202220222	0	22.2022202220222	88.9088908890889	0	0	0	0	0	0	88.9088908890889	0	488.948894889489	0	0	0	0	0	0	0	22.2022202220222	66.7066706670667	0	0	0	0	0	0	0	0	0	0	44.4044404440444	0	0	0	0	0	66.7066706670667	0	0	0	0	0	0	0	0	0	0	0	0	0	0	0	0	0	0	0	0	0	0	0	0	0	0	0
11.4	0	0	84.7745676297111	0	33.889833050085	50.8847345796261	33.889833050085	0	0	0	0	0	0	0	0	16.9949015295411	0	237.228831350595	0	0	0	0	0	0	0	0	16.9949015295411	0	0	0	0	0	0	0	0	0	0	135.55933220034	0	0	0	0	0	372.788163550935	0	0	0	16.9949015295411	0	0	0	0	0	0	0	0	0	0	0	0	0	0	0	0	0	0	0	0	0	0	0
11.5	0	0	139.472105578884	0	69.7860427914417	0	23.2953409318136	0	0	0	0	0	0	0	0	23.2953409318136	0	325.534893021396	0	0	0	0	0	0	0	0	46.4907018596281	23.2953409318136	0	0	0	0	0	0	0	23.2953409318136	0	46.4907018596281	0	0	0	0	0	279.044191161768	0	0	0	0	0	0	0	0	0	0	0	0	0	0	0	0	0	0	0	0	0	0	0	0	0	0	0
11.67	0	0	249.97500249975	0	16.6983301669833	16.6983301669833	0	16.6983301669833	0	0	0	0	0	0	0	149.98500149985	0	333.266673332667	0	0	0	0	0	0	0	0	49.99500049995	16.6983301669833	0	0	0	0	0	0	0	0	0	16.6983301669833	0	0	0	0	0	133.286671332867	0	0	0	0	0	0	0	0	0	0	0	0	0	0	0	0	0	0	0	0	0	0	0	0	0	0	0
11.87	0	0	16.8	0	2.1	2.1	0	0	2.1	0	0	0	0	0	0	351.6	0	71.6	0	0	0	0	0	0	0	0	10.5	299	0	0	0	0	2.1	0	0	0	0	12.6	0	4.2	0	0	0	225.3	0	0	0	0	0	0	0	0	0	0	0	0	0	0	0	0	0	0	0	0	0	0	0	0	0	0	0
11.97	0	0	83.1916808319168	0	2.1997800219978	2.1997800219978	0	0	2.1997800219978	0	0	0	0	0	0	420.05799420058	0	52.4947505249475	0	0	0	0	0	0	0	0	17.4982501749825	273.472652734727	0	0	0	0	2.1997800219978	0	0	0	0	72.1927807219278	0	8.7991200879912	0	0	0	63.4936506349365	0	0	0	0	0	0	0	0	0	0	0	0	0	0	0	0	0	0	0	0	0	0	0	0	0	0	0
12	0	0	194.361127774445	0	27.7944411117776	27.7944411117776	0	0	27.7944411117776	0	0	0	0	0	0	111.077784443111	0	305.538892221556	0	0	0	0	0	27.7944411117776	0	0	27.7944411117776	111.077784443111	0	0	0	0	0	0	0	27.7944411117776	0	0	0	0	55.5888822235553	0	0	55.5888822235553	0	0	0	0	0	0	0	0	0	0	0	0	0	0	0	0	0	0	0	0	0	0	0	0	0	0	0
12.07	0	0	314.631463146315	0	5.6005600560056	0	0	0	0	0	0	0	0	0	0	84.3084308430843	0	320.23202320232	0	0	0	0	0	0	0	0	11.2011201120112	84.3084308430843	0	0	0	0	39.3039303930393	0	0	0	0	129.212921292129	0	0	0	0	0	11.2011201120112	0	0	0	0	0	0	0	0	0	0	0	0	0	0	0	0	0	0	0	0	0	0	0	0	0	0	0
12.17	0	9.2990700929907	79.0920907909209	0	0	0	0	0	6.999300069993	0	0	0	0	0	0	9.2990700929907	0	797.620237976202	0	0	0	0	0	0	0	0	9.2990700929907	13.998600139986	0	2.2997700229977	0	0	37.1962803719628	0	0	0	0	32.5967403259674	0	0	0	0	0	2.2997700229977	0	0	0	0	0	0	0	0	0	0	0	0	0	0	0	0	0	0	0	0	0	0	0	0	0	0	0
12.2	0	0	217.378262173783	0	0	0	0	0	0	0	0	0	0	0	0	130.38696130387	0	434.756524347565	0	0	0	0	0	0	0	0	0	0	0	0	0	0	0	0	0	86.991300869913	0	86.991300869913	0	0	0	0	0	43.4956504349565	0	0	0	0	0	0	0	0	0	0	0	0	0	0	0	0	0	0	0	0	0	0	0	0	0	0	0
12.27	0	0	43.4956504349565	0	0	10.8989101089891	0	0	0	0	0	0	0	0	0	10.8989101089891	0	65.1934806519348	0	0	0	0	0	0	0	0	0	0	0	0	0	0	0	0	0	0	0	0	0	32.5967403259674	0	0	0	836.916308369163	0	0	0	0	0	0	0	0	0	0	0	0	0	0	0	0	0	0	0	0	0	0	0	0	0	0	0
12.3	0	0	40.7	0	0	8.1	0	0	8.1	0	0	0	0	0	0	682.9	0	89.4	0	0	0	0	0	0	0	0	32.5	16.3	0	0	0	0	0	0	0	8.1	0	16.3	0	0	0	0	0	97.6	0	0	0	0	0	0	0	0	0	0	0	0	0	0	0	0	0	0	0	0	0	0	0	0	0	0	0
12.37	0	0	32.5902229331201	0	4.69859042287314	0	0	0	0	0	0	0	0	0	0	251.12466260122	0	51.184644606618	0	0	0	0	0	4.69859042287314	0	0	0	37.1888433469959	0	0	0	0	0	0	0	0	0	9.29721083674898	0	13.9958012596221	0	0	0	595.221433569929	0	0	0	0	0	0	0	0	0	0	0	0	0	0	0	0	0	0	0	0	0	0	0	0	0	0	0
12.4	0	0	37.724490819705	0	3.11026387077355	3.11026387077355	3.11026387077355	0	0	0	0	0	0	0	0	283.034012240393	0	179.291662486204	0	0	0	0	0	0	6.3208588341527	0	37.724490819705	298.785993779472	0	0	0	0	0	0	0	3.11026387077355	0	15.751981539079	0	0	0	0	0	128.925453998194	0	0	0	0	0	0	0	0	0	0	0	0	0	0	0	0	0	0	0	0	0	0	0	0	0	0	0
12.45	0	0	25.997400259974	0	0	0	0	0	0	0	0	0	0	0	0	333.266673332667	0	62.7937206279372	0	0	0	0	0	0	0	0	4.2995700429957	196.980301969803	0	0	0	0	0	0	0	0	0	8.6991300869913	0	0	0	0	0	367.963203679632	0	0	0	0	0	0	0	0	0	0	0	0	0	0	0	0	0	0	0	0	0	0	0	0	0	0	0
12.47	0	0	28.5971402859714	0	0	0	0	0	0	0	0	0	0	0	0	465.853414658534	0	48.3951604839516	0	0	0	0	0	0	0	0	4.3995600439956	184.581541845815	0	0	0	0	0	0	0	0	0	17.5982401759824	0	6.5993400659934	0	0	0	243.975602439756	0	0	0	0	0	0	0	0	0	0	0	0	0	0	0	0	0	0	0	0	0	0	0	0	0	0	0
12.5	0	0	21.5978402159784	0	0	0	0	0	0	0	0	0	0	0	0	374.062593740626	0	64.7935206479352	0	0	0	0	0	0	0	0	7.1992800719928	350.06499350065	0	0	0	0	0	0	0	14.3985601439856	0	2.3997600239976	0	0	0	0	0	165.483451654835	0	0	0	0	0	0	0	0	0	0	0	0	0	0	0	0	0	0	0	0	0	0	0	0	0	0	0
12.57	0	0	112.5	0	0	0	0	0	0	0	0	0	0	0	0	402.9	0	79.9	0	0	0	0	0	0	0	0	3.6	315.8	0	0	0	0	0	0	0	0	0	25.4	0	0	0	0	0	59.9	0	0	0	0	0	0	0	0	0	0	0	0	0	0	0	0	0	0	0	0	0	0	0	0	0	0	0
12.6	0	0	179.864027194561	0	0	0	0	0	3.09938012397521	0	0	0	0	0	0	149.370125974805	0	207.258548290342	0	0	0	0	0	0	0	0	6.09878024395121	341.431713657269	0	0	0	0	3.09938012397521	0	0	3.09938012397521	0	15.1969606078784	0	0	0	0	0	82.2835432913417	0	0	0	0	0	9.19816036792642	0	0	0	0	0	0	0	0	0	0	0	0	0	0	0	0	0	0	0	0	0
12.67	0	0	274.617614715585	0	2.39928021593522	2.39928021593522	0	2.39928021593522	2.39928021593522	0	0	0	0	0	0	70.3788863340998	0	438.868339498151	0	0	0	0	0	4.69859042287314	0	0	23.4929521143657	103.269019294212	0	0	0	0	37.5887233829851	0	0	0	0	25.7922623213036	0	0	0	0	0	11.6964910526842	0	0	0	0	0	0	0	0	0	0	0	0	0	0	0	0	0	0	0	0	0	0	0	0	0	0	0
12.7	0	5.2	282.7	0	0	0	0	0	5.2	0	0	0	0	0	0	52.4	0	455.5	0	0	0	0	0	0	0	0	10.5	125.7	0	0	0	0	10.5	0	0	0	0	0	0	5.2	0	0	0	47.1	0	0	0	0	0	0	0	0	0	0	0	0	0	0	0	0	0	0	0	0	0	0	0	0	0	0	0
12.76	0	3.7003700370037	110.31103110311	0	0	0	0	1.2001200120012	2.5002500250025	0	0	0	0	0	0	12.4012401240124	0	793.179317931793	0	0	0	0	0	1.2001200120012	0	0	23.5023502350235	26.002600260026	0	0	0	0	18.6018601860186	0	0	0	0	3.7003700370037	0	0	0	0	0	3.7003700370037	0	0	0	0	0	0	0	0	0	0	0	0	0	0	0	0	0	0	0	0	0	0	0	0	0	0	0
12.8	0	0	88.1911808819118	0	3.6996300369963	0	0	0	0	0	0	0	0	0	0	7.3992600739926	0	834.516548345166	0	0	0	0	0	0	0	0	0	18.3981601839816	0	0	0	0	25.6974302569743	0	0	3.6996300369963	0	0	0	0	0	0	0	18.3981601839816	0	0	0	0	0	0	0	0	0	0	0	0	0	0	0	0	0	0	0	0	0	0	0	0	0	0	0
12.83	0	0	25.9025902590259	0	0	0	0	0	2.9002900290029	0	0	0	0	0	0	2.9002900290029	0	930.893089308931	0	0	0	0	0	0	0	0	0	11.5011501150115	0	0	0	0	11.5011501150115	0	0	14.4014401440144	0	0	0	0	0	0	0	0	0	0	0	0	0	0	0	0	0	0	0	0	0	0	0	0	0	0	0	0	0	0	0	0	0	0	0
12.87	0	1.1998800119988	38.3961603839616	0	1.1998800119988	1.1998800119988	1.1998800119988	0	2.2997700229977	0	0	0	0	0	0	11.5988401159884	0	899.8100189981	0	0	0	0	0	0	0	0	4.6995300469953	9.2990700929907	0	0	0	0	22.0977902209779	0	0	1.1998800119988	0	5.7994200579942	0	0	0	0	0	0	0	0	0	0	0	0	0	0	0	0	0	0	0	0	0	0	0	0	0	0	0	0	0	0	0	0	0
12.9	0	0	51.8077156130075	0	7.97818622500505	3.93859826297718	2.01979398101394	0	2.01979398101394	0	0	0	0	0	0	19.8949707129873	0	846.596647141992	0	0	0	0	0	0	0	0	13.9365784689962	15.9563724500101	0	0	0	0	19.8949707129873	0	0	13.9365784689962	0	2.01979398101394	0	0	0	0	0	0	0	0	0	0	0	0	0	0	0	0	0	0	0	0	0	0	0	0	0	0	0	0	0	0	0	0	0
12.93	0	0	45.6954304569543	0	0	0	0	2.1997800219978	8.6991300869913	0	0	0	0	0	0	6.4993500649935	0	921.607839216078	0	0	0	0	0	0	0	0	2.1997800219978	0	0	0	0	0	4.3995600439956	0	0	8.6991300869913	0	0	0	0	0	0	0	0	0	0	0	0	0	0	0	0	0	0	0	0	0	0	0	0	0	0	0	0	0	0	0	0	0	0	0
12.96	0	1	80.1	0	1	1	6.2	1	8.2	0	0	0	0	0	0	10.3	0	812.1	0	0	0	0	0	0	0	0	10.3	23.6	0	0	0	0	34.9	0	0	0	0	8.2	0	0	0	0	0	2.1	0	0	0	0	0	0	0	0	0	0	0	0	0	0	0	0	0	0	0	0	0	0	0	0	0	0	0
12.97	0	0	41.995800419958	0	0	3.4996500349965	0	3.4996500349965	0	0	0	0	0	0	0	20.997900209979	0	881.011898810119	0	0	0	0	0	0	0	0	17.4982501749825	17.4982501749825	0	0	0	0	3.4996500349965	0	0	3.4996500349965	0	0	0	0	0	0	0	6.999300069993	0	0	0	0	0	0	0	0	0	0	0	0	0	0	0	0	0	0	0	0	0	0	0	0	0	0	0
13	0	2.91662476113849	148.647289550437	0	8.74987428341547	0	2.91662476113849	0	2.91662476113849	0	0	0	0	0	0	37.9161218948004	0	632.605853364176	0	0	0	0	0	0	0	0	23.3329980891079	26.2496228502464	0	0	0	0	17.4997485668309	0	0	5.83324952227698	0	40.8327466559388	0	0	0	0	0	49.5826209393543	0	0	0	0	0	0	0	0	0	0	0	0	0	0	0	0	0	0	0	0	0	0	0	0	0	0	0
13.03	0	0	154.793405251374	0	17.8098921229391	0	0	0	29.7170771422756	0	0	0	0	0	0	6.00447791573377	0	702.320374516589	0	0	0	0	0	0	0	0	11.9071850193365	6.00447791573377	0	0	0	0	47.6287400773458	0	0	23.8143700386729	0	0	0	0	0	0	0	0	0	0	0	0	0	0	0	0	0	0	0	0	0	0	0	0	0	0	0	0	0	0	0	0	0	0	0
13.07	0	1.1998800119988	213.378662133787	0	0	2.3997600239976	7.0992900709929	2.3997600239976	3.4996500349965	0	0	0	0	0	0	23.5976402359764	0	635.536446355364	0	1.1998800119988	0	0	0	0	0	0	22.3977602239776	14.1985801419858	0	0	0	0	55.3944605539446	0	0	0	0	9.3990600939906	0	0	0	0	0	8.2991700829917	0	0	0	0	0	0	0	0	0	0	0	0	0	0	0	0	0	0	0	0	0	0	0	0	0	0	0
13.13	0	0	117.8	0	6.4	0	0	3.2	12.7	0	0	0	0	0	0	54.1	0	710.2	0	0	0	0	0	0	0	0	25.5	9.6	0	0	0	0	19.1	0	0	15.9	0	15.9	0	0	0	0	0	6.4	0	0	0	0	0	0	0	3.2	0	0	0	0	0	0	0	0	0	0	0	0	0	0	0	0	0	0	0
13.17	0	0	159.71597159716	0	0	8.4008400840084	12.6012601260126	0	12.6012601260126	0	0	0	0	0	0	84.008400840084	0	529.45294529453	0	0	0	0	0	4.2004200420042	0	0	37.8037803780378	29.4029402940294	0	0	0	0	12.6012601260126	0	0	0	0	67.2067206720672	0	0	0	0	0	42.004200420042	0	0	0	0	0	0	0	0	0	0	0	0	0	0	0	0	0	0	0	0	0	0	0	0	0	0	0
13.22	0	0	148.570285942811	0	0	0	0	14.497100579884	10.8978204359128	0	0	0	0	0	0	32.5934813037393	0	681.063787242551	0	0	0	0	0	0	0	0	21.6956608678264	10.8978204359128	0	0	0	0	18.0963807238552	0	0	7.29854029194161	0	14.497100579884	0	0	0	0	0	39.8920215956809	0	0	0	0	0	0	0	0	0	0	0	0	0	0	0	0	0	0	0	0	0	0	0	0	0	0	0
13.27	0	2.6994601079784	136.27274545091	0	0	1.999600079984	2.6994601079784	0	1.2997400519896	0	0	0	0	0	0	15.8968206358728	0	731.853629274145	0	0	0	0	0	0	0.699860027994401	0	27.7944411117776	19.8960207958408	0	0	0	0	48.2903419316137	0	0	6.59868026394721	0	2.6994601079784	0	0	0	0	0	1.2997400519896	0	0	0	0	0	0	0	0	0	0	0	0	0	0	0	0	0	0	0	0	0	0	0	0	0	0	0
13.33	0	0	63.6872625474905	0	5.29894021195761	0	0	0	0	0	0	0	0	0	0	5.29894021195761	0	832.733453309338	0	0	0	0	0	0	0	0	18.5962807438512	18.5962807438512	0	0	0	0	23.8952209558088	0	0	15.8968206358728	0	10.5978804239152	0	2.6994601079784	0	0	0	2.6994601079784	0	0	0	0	0	0	0	0	0	0	0	0	0	0	0	0	0	0	0	0	0	0	0	0	0	0	0
13.37	0	0.799840031993601	120.475904819036	0	0.799840031993601	1.5996800639872	4.69906018796241	0	4.69906018796241	0	0	0	0	0.799840031993601	0	7.09858028394321	0	788.042391521696	0	0	0	0	0	0.799840031993601	0	0	27.5944811037792	27.5944811037792	0	0	0	0	7.89842031593681	0	0	4.69906018796241	0	0	0	0	0	0	0	2.3995200959808	0	0	0	0	0	0	0	0	0	0	0	0	0	0	0	0	0	0	0	0	0	0	0	0	0	0	0
13.4	0	0	116.8	0	0	0	0	0	3.4	0	0	0	0	0	0	0	0	821.3	0	0	0	0	0	0	0	0	17.2	6.9	0	0	0	0	17.2	0	0	10.3	0	0	0	0	0	0	0	6.9	0	0	0	0	0	0	0	0	0	0	0	0	0	0	0	0	0	0	0	0	0	0	0	0	0	0	0
13.43	0	0	132.083040818373	0	0	0	0	0	0	0	0	0	0	0	0	3.0087253033798	0	825.794804934309	0	0	0	0	0	0	0	0	6.0174506067596	18.0523518202788	0	0	0	0	0	0	0	15.043626516899	0	0	0	0	0	0	0	0	0	0	0	0	0	0	0	0	0	0	0	0	0	0	0	0	0	0	0	0	0	0	0	0	0	0	0
13.47	0	3.89883035089473	130.860741777467	0	0	1.59952014395681	3.09907027891633	0	0.799760071978406	0	0	0	0	0	0	4.69859042287314	0	778.966310106968	0	0	0	0	0	0	0	0	25.592322303309	19.3941817454764	0	0	0	0	1.59952014395681	0	0	7.79766070178946	0	3.09907027891633	0.799760071978406	0	0	0	0	16.9949015295411	0	0	0	0	0	0.799760071978406	0	0	0	0	0	0	0	0	0	0	0	0	0	0	0	0	0	0	0	0	0
13.5	0	2.10399759543132	104.398356878068	0	2.10399759543132	10.4197976154694	2.10399759543132	0	0	0	0	0	0	0	0	14.627792806332	0	720.168319807634	0	0	0	0	0	0	0	0	33.3633904418395	27.1515880172327	0	2.10399759543132	0	0	0	0	0	6.31199278629396	0	58.4109808636409	0	0	0	0	0	16.7317904017633	0	0	0	0	0	0	0	0	0	0	0	0	0	0	0	0	0	0	0	0	0	0	0	0	0	0	0
13.53	0	2.4002400240024	79.7079707970797	0	0	0	2.4002400240024	0	2.4002400240024	0	0	0	0	0	0	4.8004800480048	0	804.480448044804	0	0	0	0	0	0	0	0	16.9016901690169	33.8033803380338	0	0	0	0	7.3007300730073	0	0	2.4002400240024	0	4.8004800480048	0	2.4002400240024	0	0	0	33.8033803380338	0	0	0	0	0	0	0	0	0	0	0	0	0	2.4002400240024	0	0	0	0	0	0	0	0	0	0	0	0	0
13.57	0	3.49895031490553	105.968209537139	0	1.19964010796761	5.79826052184345	1.19964010796761	0	1.19964010796761	0	0	0	0	0	0	11.4965510346896	0	811.956413076077	0	0	0	0	0	0	0	0	13.7958612416275	24.1927421773468	0	0	0	0	3.49895031490553	0	0	3.49895031490553	0	3.49895031490553	0	0	0	0	0	9.19724082775168	0	0	0	0	0	0	0	0	0	0	0	0	0	0	0	0	0	0	0	0	0	0	0	0	0	0	0
13.6	0	0	76.6923307669233	0	0	0	0	0	3.4996500349965	0	0	0	0	0	0	6.999300069993	0	773.422657734227	0	0	0	0	0	0	0	0	24.3975602439756	20.8979102089791	0	0	0	0	6.999300069993	0	0	13.8986101389861	0	0	0	0	0	0	0	69.6930306969303	0	0	0	0	0	0	0	3.4996500349965	0	0	0	0	0	0	0	0	0	0	0	0	0	0	0	0	0	0	0
13.63	6.1006100610061	2.000200020002	90.00900090009	0	0	0	0	0	4.1004100410041	0	0	0	0	0	0	14.3014301430143	0	777.177717771777	0	0	0	0	0	2.000200020002	0	0	24.5024502450245	38.9038903890389	0	10.2010201020102	0	0	8.2008200820082	0	0	0	0	0	0	0	0	0	0	22.5022502250225	0	0	0	0	0	0	0	0	0	0	0	0	0	0	0	0	0	0	0	0	0	0	0	0	0	0	0
13.67	0	4.7995200479952	107.689231076892	0	1.5998400159984	3.1996800319968	1.5998400159984	0	0	0	0	0	0	0	0	1.5998400159984	0	810.21897810219	0	0	0	0	0	1.5998400159984	0	0	12.8987101289871	30.5969403059694	0	0	0	0	0	0	0	9.6990300969903	0	0	0	0	0	0	0	14.4985501449855	0	0	0	0	0	0	0	0	0	0	0	0	0	0	0	0	0	0	0	0	0	0	0	0	0	0	0
13.7	0	5.9	96.5	0	0	0	0	0	3.9	0	0	0	0	0	0	7.9	0	805.1	0	0	0	0	0	0	0	0	23.6	21.7	0	0	0	0	9.8	0	0	7.9	0	3.9	0	0	0	0	0	11.8	0	0	0	0	0	2	0	0	0	0	0	0	0	0	0	0	0	0	0	0	0	0	0	0	0	0	0
13.73	3.7003700370037	18.5018501850185	125.912591259126	0	3.7003700370037	14.8014801480148	0	0	0	0	0	0	0	0	0	0	0	663.066306630663	0	0	0	0	0	0	7.4007400740074	0	29.6029602960296	74.1074107410741	0	3.7003700370037	0	0	0	0	0	7.4007400740074	0	14.8014801480148	0	0	0	0	0	25.9025902590259	0	0	0	0	0	7.4007400740074	0	0	0	0	0	0	0	0	0	0	0	0	0	0	0	0	0	0	0	0	0
13.77	0	13.9013901390139	145.814581458146	0	2.3002300230023	2.3002300230023	4.6004600460046	0	2.3002300230023	0	0	0	0	2.3002300230023	0	20.8020802080208	0	634.363436343634	0	0	0	0	0	4.6004600460046	0	0	20.8020802080208	104.210421042104	0	0	0	0	2.3002300230023	0	0	0	0	25.5025502550255	2.3002300230023	0	0	0	0	9.3009300930093	0	0	0	0	0	2.3002300230023	0	0	0	0	0	0	0	0	0	0	0	0	0	0	0	0	0	0	0	0	0
13.8	0	9.7	266.9	0	3.2	0	0	0	3.2	0	0	0	0	3.2	0	41.8	0	450.2	0	0	0	0	0	3.2	0	0	32.2	83.6	0	0	0	0	3.2	0	0	25.7	0	25.7	3.2	0	0	0	0	38.6	0	0	0	0	0	3.2	0	3.2	0	0	0	0	0	0	0	0	0	0	0	0	0	0	0	0	0	0	0
13.83	0	0	312.037592481504	0	11.5976804639072	0	0	0	5.79884023195361	0	0	0	0	5.79884023195361	0	40.4919016196761	0	329.434113177365	0	0	0	0	0	0	5.79884023195361	0	63.5872825434913	98.2803439312137	0	0	0	0	0	0	0	28.8942211557688	0	40.4919016196761	5.79884023195361	0	0	0	0	46.1907618476305	0	0	0	0	0	0	0	0	0	0	0	0	0	5.79884023195361	0	0	0	0	0	0	0	0	0	0	0	0	0
13.87	0	0	313.968603139686	0	0	0	0	0	0	0	0	0	0	11.5988401159884	0	46.4953504649535	0	209.279072092791	0	0	0	0	0	0	0	0	46.4953504649535	162.783721627837	0	0	0	0	0	0	0	23.2976702329767	0	58.0941905809419	0	23.2976702329767	0	0	0	104.689531046895	0	0	0	0	0	0	0	0	0	0	0	0	0	0	0	0	0	0	0	0	0	0	0	0	0	0	0
13.9	0	22.0955808838232	470.505898820236	0	7.39852029594081	0	0	7.39852029594081	0	0	0	0	0	14.6970605878824	0	29.3941211757648	0	264.647070585883	0	0	0	0	0	0	0	0	7.39852029594081	88.1823635272945	0	0	0	0	7.39852029594081	0	0	29.3941211757648	0	0	0	14.6970605878824	0	0	0	36.7926414717057	0	0	0	0	0	0	0	0	0	0	0	0	0	0	0	0	0	0	0	0	0	0	0	0	0	0	0
13.93	0	16	512	0	0	8	0	0	0	0	0	0	0	0	0	32	0	216	0	0	0	0	0	8	0	0	48	136	0	0	0	0	0	0	0	8	0	16	0	0	0	0	0	0	0	0	0	0	0	0	0	0	0	0	0	0	0	0	0	0	0	0	0	0	0	0	0	0	0	0	0
13.97	0	0	627.662766276628	0	2.3002300230023	2.3002300230023	0	0	4.7004700470047	0	0	0	0	0	0	28.1028102810281	0	180.31803180318	0	0	0	0	0	0	0	0	16.4016401640164	98.4098409840984	0	0	0	0	0	0	0	4.7004700470047	0	14.1014101410141	0	2.3002300230023	0	0	0	18.7018701870187	0	0	0	0	0	0	0	0	0	0	0	0	0	0	0	0	0	0	0	0	0	0	0	0	0	0	0
14	0	4.1995800419958	698.630136986301	0	4.1995800419958	4.1995800419958	0	4.1995800419958	4.1995800419958	0	0	0	0	0	0	41.7958204179582	0	117.188281171883	0	0	0	0	0	0	0	0	16.6983301669833	54.3945605439456	0	0	0	0	4.1995800419958	0	0	20.8979102089791	0	12.5987401259874	0	0	0	0	0	12.5987401259874	0	0	0	0	0	0	0	0	0	0	0	0	0	0	0	0	0	0	0	0	0	0	0	0	0	0	0
14.03	0	8.33584412975796	799.236717886914	0	8.33584412975796	8.33584412975796	0	0	8.33584412975796	4.2181379933715	0	0	0	0	0	25.1079642462589	0	83.6597368685347	0	0	0	0	0	0	0	0	0	41.8800843627599	0	0	0	0	0	0	0	0	0	0	0	0	0	0	0	12.5539821231295	0	0	0	0	0	0	0	0	0	0	0	0	0	0	0	0	0	0	0	0	0	0	0	0	0	0	0
14.07	0	4	574.3	0	8	16.1	4	0	4	0	0	0	0	4	0	84.3	0	136.6	0	0	0	0	0	12.1	0	0	0	96.4	0	0	0	0	0	0	0	4	0	28.1	0	0	0	0	0	20.1	0	0	0	0	0	4	0	0	0	0	0	0	0	0	0	0	0	0	0	0	0	0	0	0	0	0	0
14.1	0	6.4	339.7	0	0	19.2	0	0	6.4	0	0	0	0	0	0	237.2	0	218	0	0	0	0	0	0	0	0	6.4	70.5	0	0	0	0	0	0	0	12.8	0	32.1	0	6.4	0	0	0	44.9	0	0	0	0	0	0	0	0	0	0	0	0	0	0	0	0	0	0	0	0	0	0	0	0	0	0	0
14.13	0	13.477908390758	351.337657073368	0	0	0	0	0	0	0	0	0	0	0	0	81.0701256586948	0	189.197405755979	0	0	0	0	0	0	0	0	0	27.0571544385894	0	0	0	0	27.0571544385894	0	0	67.5922172679368	0	0	0	0	0	0	0	243.210376976084	0	0	0	0	0	0	0	0	0	0	0	0	0	0	0	0	0	0	0	0	0	0	0	0	0	0	0
14.17	0	0	38.5038503850385	0	0	12.8012801280128	0	0	0	0	0	0	0	0	0	269.226922692269	0	371.837183718372	0	0	0	0	0	0	0	0	25.6025602560256	179.51795179518	0	0	0	0	0	0	0	0	0	12.8012801280128	0	0	0	0	0	89.7089708970897	0	0	0	0	0	0	0	0	0	0	0	0	0	0	0	0	0	0	0	0	0	0	0	0	0	0	0
14.2	0	25.9922023392982	123.362991102669	0	12.9961011696491	19.4941517544737	0	12.9961011696491	45.4863540937719	0	0	0	0	0	0	246.725982205338	0	318.104568629411	0	0	0	0	0	0	0	0	32.4902529241228	90.8727381785464	0	0	0	0	0	0	0	19.4941517544737	0	25.9922023392982	0	6.49805058482455	0	0	0	19.4941517544737	0	0	0	0	0	0	0	0	0	0	0	0	0	0	0	0	0	0	0	0	0	0	0	0	0	0	0
14.27	0	9.18264379414733	183.451059535822	0	0	27.547931382442	0	0	0	0	0	0	0	9.18264379414733	0	137.638748738648	0	174.268415741675	0	0	0	0	0	0	0	0	18.3652875882947	192.63370332997	0	0	0	0	0	0	0	0	0	55.095862764884	0	0	0	0	0	192.63370332997	0	0	0	0	0	0	0	0	0	0	0	0	0	0	0	0	0	0	0	0	0	0	0	0	0	0	0
14.3	0	0	117.03511053316	0	31.9095728718616	0	0	10.6031809542863	10.6031809542863	0	0	0	0	0	0	212.863859157747	0	255.376612983895	0	0	0	0	0	0	0	0	10.6031809542863	148.944683405022	0	0	0	0	10.6031809542863	0	0	85.1255376612984	0	10.6031809542863	10.6031809542863	0	0	0	0	85.1255376612984	0	0	0	0	0	0	0	0	0	0	0	0	0	0	0	0	0	0	0	0	0	0	0	0	0	0	0
14.33	0	0	30.3030303030303	0	0	0	0	0	0	0	0	0	0	0	0	242.424242424242	0	212.121212121212	0	0	0	0	0	0	0	0	121.212121212121	121.212121212121	0	0	0	0	0	0	0	0	0	0	0	0	0	0	0	272.727272727273	0	0	0	0	0	0	0	0	0	0	0	0	0	0	0	0	0	0	0	0	0	0	0	0	0	0	0
14.38	0	0	166.683331666833	0	0	0	0	0	0	0	0	0	0	0	0	214.278572142786	0	47.5952404759524	0	0	0	0	0	0	0	0	0	214.278572142786	0	0	0	0	0	0	0	0	0	142.885711428857	0	0	0	0	0	214.278572142786	0	0	0	0	0	0	0	0	0	0	0	0	0	0	0	0	0	0	0	0	0	0	0	0	0	0	0
15.17	0	0	45.4954504549545	0	0	0	0	0	0	0	0	0	0	0	0	545.445455454455	0	181.781821817818	0	0	0	0	0	0	0	0	90.8909109089091	45.4954504549545	0	0	0	0	0	0	0	0	0	90.8909109089091	0	0	0	0	0	0	0	0	0	0	0	0	0	0	0	0	0	0	0	0	0	0	0	0	0	0	0	0	0	0	0	0	0
15.57	0	0	18.8981101889811	0	18.8981101889811	56.5943405659434	0	0	37.6962303769623	0	0	0	0	0	0	320.767923207679	0	415.058494150585	0	0	0	0	0	0	0	0	0	37.6962303769623	0	0	0	0	0	0	0	18.8981101889811	0	75.4924507549245	0	0	0	0	0	0	0	0	0	0	0	0	0	0	0	0	0	0	0	0	0	0	0	0	0	0	0	0	0	0	0	0	0
15.67	0	0	0	0	0	0	0	0	41.7	0	0	0	0	0	0	458.3	0	333.3	0	0	0	0	0	0	0	0	0	0	0	0	0	0	0	0	0	83.3	0	41.7	0	0	0	0	0	41.7	0	0	0	0	0	0	0	0	0	0	0	0	0	0	0	0	0	0	0	0	0	0	0	0	0	0	0
15.97	0	0	50	0	0	0	0	0	0	0	0	0	0	0	0	700	0	150	0	0	0	0	0	0	0	0	0	50	0	0	0	0	0	0	0	50	0	0	0	0	0	0	0	0	0	0	0	0	0	0	0	0	0	0	0	0	0	0	0	0	0	0	0	0	0	0	0	0	0	0	0
16.07	0	0	7.5007500750075	0	15.001500150015	0	0	0	15.001500150015	0	0	0	0	0	0	872.287228722872	0	37.6037603760376	0	0	0	0	0	0	0	0	0	15.001500150015	0	0	0	0	0	0	0	7.5007500750075	0	30.1030103010301	0	0	0	0	0	0	0	0	0	0	0	0	0	0	0	0	0	0	0	0	0	0	0	0	0	0	0	0	0	0	0	0	0
16.12	0	0	38.0961903809619	0	0	19.0980901909809	0	0	0	0	0	0	0	0	0	314.268573142686	0	447.555244475552	0	0	0	0	0	0	0	0	28.5971402859714	123.787621237876	0	0	0	0	0	0	0	0	0	19.0980901909809	0	0	0	0	0	9.4990500949905	0	0	0	0	0	0	0	0	0	0	0	0	0	0	0	0	0	0	0	0	0	0	0	0	0	0	0
16.18	0	0	78.6078607860786	0	8.7008700870087	21.8021802180218	0	0	8.7008700870087	0	0	0	0	0	0	65.5065506550655	0	646.364636463646	0	0	0	0	0	0	0	0	21.8021802180218	113.511351135114	0	0	0	0	0	0	0	4.4004400440044	0	17.5017501750175	0	0	0	0	0	13.1013101310131	0	0	0	0	0	0	0	0	0	0	0	0	0	0	0	0	0	0	0	0	0	0	0	0	0	0	0
16.22	0	0	80.7919208079192	0	0	3.0996900309969	0	0	0	0	0	0	0	0	0	7.5992400759924	0	780.42195780422	0	0	0	0	0	0	0	0	19.7980201979802	105.189481051895	0	0	0	0	0	0	0	0	0	3.0996900309969	0	0	0	0	0	0	0	0	0	0	0	0	0	0	0	0	0	0	0	0	0	0	0	0	0	0	0	0	0	0	0	0	0
16.27	0	0	120.7	0	0	1.9	0	0	0	0	0	0	0	0	0	46	0	729.9	0	0	0	0	0	0	0	0	23	78.5	0	0	0	0	0	0	0	0	0	0	0	0	0	0	0	0	0	0	0	0	0	0	0	0	0	0	0	0	0	0	0	0	0	0	0	0	0	0	0	0	0	0	0
16.31	0	0	92.3184636927385	0	0	3.90078015603121	0	0	0	0	0	0	0	0	0	86.4172834566913	0	764.352870574115	0	0	0	0	0	0	0	0	11.8023604720944	37.3074614922985	0	0	0	0	0	0	0	3.90078015603121	0	0	0	0	0	0	0	0	0	0	0	0	0	0	0	0	0	0	0	0	0	0	0	0	0	0	0	0	0	0	0	0	0	0	0
16.38	3.3996600339966	3.3996600339966	84.0915908409159	0	0	8.5991400859914	0	0	1.6998300169983	0	0	0	0	0	0	90.8909109089091	0	703.229677032297	0	0	0	0	0	0	0	0	20.5979402059794	51.4948505149485	0	0	0	0	0	0	0	1.6998300169983	0	29.1970802919708	0	0	0	0	0	1.6998300169983	0	0	0	0	0	0	0	0	0	0	0	0	0	0	0	0	0	0	0	0	0	0	0	0	0	0	0
16.41	0	0	31.7936412717457	0	0	26.494701059788	0	0	0	0	0	0	0	0	0	190.461907618476	0	460.207958408318	0	0	0	0	0	0	0	0	26.494701059788	42.2915416916617	0	0	0	0	0	0	0	5.29894021195761	0	206.358728254349	0	0	0	0	0	10.5978804239152	0	0	0	0	0	0	0	0	0	0	0	0	0	0	0	0	0	0	0	0	0	0	0	0	0	0	0
16.48	0	0	77.9	0	13	0	0	0	0	0	0	0	0	0	0	467.5	0	142.9	0	0	0	0	0	0	0	0	0	39	0	0	0	0	0	0	0	0	0	64.9	0	13	0	0	0	181.8	0	0	0	0	0	0	0	0	0	0	0	0	0	0	0	0	0	0	0	0	0	0	0	0	0	0	0
16.51	0	0	43.4913017396521	0	0	86.9826034793041	0	0	0	0	0	0	0	0	0	608.578284343131	0	43.4913017396521	0	0	0	0	0	0	0	0	0	86.9826034793041	0	0	0	0	0	0	0	0	0	43.4913017396521	0	0	0	0	0	86.9826034793041	0	0	0	0	0	0	0	0	0	0	0	0	0	0	0	0	0	0	0	0	0	0	0	0	0	0	0
16.68	0	0	0	0	4	16.1	0	0	4	0	0	0	0	0	0	919.7	0	36.1	0	0	0	0	0	0	0	0	0	4	0	0	0	0	0	0	0	4	0	0	0	0	0	0	0	12.1	0	0	0	0	0	0	0	0	0	0	0	0	0	0	0	0	0	0	0	0	0	0	0	0	0	0	0
16.78	0	0	0	0	2.4997500249975	7.3992600739926	0	0	2.4997500249975	0	0	0	0	0	0	777.122287771223	0	29.6970302969703	0	0	0	0	0	0	0	0	0	14.8985101489851	0	0	0	0	0	0	0	0	0	24.7975202479752	0	0	0	0	0	141.085891410859	0	0	0	0	0	0	0	0	0	0	0	0	0	0	0	0	0	0	0	0	0	0	0	0	0	0	0
17.01	0	0	0	0	2	8	0	0	0	0	0	0	0	0	0	716	0	124	0	0	0	0	0	0	0	0	0	18	0	0	0	0	0	0	0	0	0	2	0	0	0	0	0	130	0	0	0	0	0	0	0	0	0	0	0	0	0	0	0	0	0	0	0	0	0	0	0	0	0	0	0
17.18	0	0	0	0	0	0	0	0	0	0	0	0	0	0	0	703.870387038704	0	238.723872387239	0	0	0	0	0	0	0	0	1.7001700170017	20.9020902090209	0	0	0	0	0	0	0	1.7001700170017	0	7.000700070007	0	0	0	0	0	26.1026102610261	0	0	0	0	0	0	0	0	0	0	0	0	0	0	0	0	0	0	0	0	0	0	0	0	0	0	0
17.31	0	0	0	0	0	3.1003100310031	0	0	0	0	0	0	0	0	0	668.866886688669	0	259.025902590259	0	0	0	0	0	0	0	0	3.1003100310031	14.1014101410141	0	0	0	0	1.6001600160016	0	0	3.1003100310031	0	4.7004700470047	0	0	0	0	0	40.8040804080408	0	0	0	0	0	1.6001600160016	0	0	0	0	0	0	0	0	0	0	0	0	0	0	0	0	0	0	0	0	0
