"","MLD1","MLD2","MLD3","MLD4","MLD5","MLD6","MLD7","MLD8","MLD9","MLD10","MLD11","MLD12","MLDann","MLDwin","MLDspr","MLDsum","MLDaut"
"1.637",165.537580613755,181.666258562252,192.285299963365,151.972672098986,47.3864993034193,20.3654883253185,17.9529934509959,18.5972737471205,32.6851918753331,52.559700095791,80.4052686859439,129.910178135915,90.9437004048496,179.829713046457,73.2415532425747,23.0784863578165,87.6250489725499
"1.674",165.537580613755,181.666258562252,192.285299963365,151.972672098986,47.3864993034193,20.3654883253185,17.9529934509959,18.5972737471205,32.6851918753331,52.559700095791,80.4052686859439,129.910178135915,90.9437004048496,179.829713046457,73.2415532425747,23.0784863578165,87.6250489725499
"2.528",172.442755801317,181.286654821555,185.626846305054,127.7516263059,37.8299825976899,19.7125443949139,17.7846232013091,18.3613548415266,32.6852224787843,53.4618104425595,84.2777331886614,135.325658719616,88.878901091574,179.785418975975,61.764717766168,22.9437335072067,91.0217341169458
"4.324",190.148486580192,288.501188554756,241.004168147785,222.416950937023,55.9488293292098,21.7157339092755,16.1638588185021,16.7816267402862,29.3023579171184,48.8731638340155,80.8065280737278,138.103491674894,112.480532043065,239.884614427578,100.027171391836,20.7492811586355,89.2610611942124
"5.543",190.148486580192,288.501188554756,241.004168147785,222.416950937023,55.9488293292098,21.7157339092755,16.1638588185021,16.7816267402862,29.3023579171184,48.8731638340155,80.8065280737278,138.103491674894,112.480532043065,239.884614427578,100.027171391836,20.7492811586355,89.2610611942124
"6.898",161.882576021907,305.185473571858,245.839219800315,236.592953785612,54.7913982218746,19.630309486156,13.6764429702308,13.7568662902405,22.0161128466242,39.1314495282702,66.2124034572269,119.490241248935,108.183787269104,237.635756464693,103.671553831214,16.4831407023652,74.944698078144
"7.754",119.251324842197,142.572196460576,123.361781052152,107.801340959153,35.1606008941852,17.5420649812174,15.7380200127752,17.7470711010442,24.8437729374151,37.2220968117061,55.8771435302918,92.5700380719683,65.8072876378901,128.395100784975,53.5013356115186,19.4429546837449,61.889759471322
"8.49",81.1686503634154,104.731013260439,102.559244057802,91.1511439755598,44.9249579126806,21.8220587009808,15.2034925554556,17.484234740981,22.1656111884682,36.8887837808786,63.2572507925526,76.0320202220237,56.4490384626031,96.1529692272187,52.6327201964071,18.2844461616349,58.7260182651516
"10.09",91.6735702690108,125.493865799293,112.702517018775,98.0916905324999,47.7665537339769,23.6004715889462,16.0597859680227,18.1596886620527,23.9665004724584,41.0987075431427,71.6230429119694,86.5941726860221,63.0692139321808,109.956651029026,56.4862386184743,19.3953250341779,66.4386410470448
