"","MLD1","MLD2","MLD3","MLD4","MLD5","MLD6","MLD7","MLD8","MLD9","MLD10","MLD11","MLD12","MLDann","MLDwin","MLDspr","MLDsum","MLDaut"
"0.04",137.618794875155,155.508076475947,119.744514376478,92.0217043755491,31.3442253717929,19.7279902313125,15.4024836779984,15.7786055349542,24.2433972721653,41.1268852684582,62.125370397941,105.511120147788,68.3460973337949,137.623795242526,47.6979733262182,18.4748288283726,69.5877919380623
"0.09",112.221326403728,156.05295355369,200.134461549216,107.065036208617,34.3175991210948,19.8696826500383,16.6308963007601,17.8058791561534,25.3516196598837,42.1165217248163,67.2991901382478,92.5829747574328,74.2873451019732,156.136247168878,53.7507726599168,19.9294650389324,67.3328955401656
"0.15",130.346156466809,164.211227983808,221.818481801121,123.726157519092,38.532379892125,20.7414933079938,18.2531452827211,19.0240454796574,29.1551730675589,47.308954914349,72.5119189329223,111.677076431752,83.1088509233257,172.125288750579,61.000010239737,22.1441212766458,77.1659834263409
"0.19",146.439844171915,197.533384096706,215.534234526702,127.692472345781,31.161826694098,17.2156193879857,16.9489893294613,17.841256929994,26.3667804523774,41.9694909100722,67.3182940655189,113.84836838266,84.9892134411058,186.502487598441,58.6899728092881,20.3856755706109,74.3787177860836
"0.25",154.236334762366,247.557077757704,293.963318928374,147.489033881252,36.0484457692054,17.187859152427,14.7401756138851,16.7271919093751,22.6417148892572,38.333064951529,58.2905173037407,97.9044250609735,95.4265966650073,231.918910482814,66.9084462676281,18.0363608041725,64.8426691054144
"0.29",150.178029566506,179.410244712145,222.730648824246,124.881366503985,40.2274755433839,23.1094532217273,17.7811895290972,18.3981839973979,27.8916787956141,49.9336380517646,78.8568503403184,122.724792741449,88.0102959856361,184.106307700966,62.7394317563654,21.3570174407031,83.8384270445105
"0.35",124.399927519252,159.979224558021,213.296220881225,123.299330431026,41.8140438835124,22.0510619098299,17.8660119975168,19.246687897639,27.2779809206686,45.8442077691354,73.5850720845231,104.399875721236,81.0883037977988,165.891790986166,62.3881454081229,21.4635602719415,74.6097185249648
"0.39",150.178029566506,179.410244712145,222.730648824246,124.881366503985,40.2274755433839,23.1094532217273,17.7811895290972,18.3981839973979,27.8916787956141,49.9336380517646,78.8568503403184,122.724792741449,88.0102959856361,184.106307700966,62.7394317563654,21.3570174407031,83.8384270445105
"0.45",131.203162985344,182.663345453901,232.508622564288,137.93202185444,44.8566046322317,22.7277459246903,18.4260845733384,20.2618400924593,28.9784384426301,47.7459798994129,76.3489835371632,105.141296983135,87.399510578586,182.125043667844,68.5054574704539,22.5554543694759,76.4120868065703
"0.49",148.555460692293,190.276000487734,225.241227597331,113.003974057887,32.9448658024017,21.5296797745989,17.4822124270692,17.0493887120145,28.0658219347283,48.1689139398085,74.875996249106,120.42958891118,86.4685942155126,188.024229592452,55.8261732116293,20.8658076912707,81.158166366698
"0.55",128.458705801593,137.852184847076,121.072389969785,105.015325155167,38.111934118034,19.2330034370506,16.3520641148064,18.3822517790447,26.24560229758,41.5451769677933,65.0654236856949,101.407360004079,68.228451848142,129.127760206151,54.1200875700838,20.3266393971437,69.3393202191892
"0.59",144.772204295028,184.583976527578,216.01777869741,109.349015445216,33.5851985867327,21.5900162463779,17.6387713268832,16.7147300097078,27.429362313662,47.3632201314445,73.3463733879781,116.150547648472,84.0450995513742,181.791319840005,54.8414100927756,20.5942878834176,78.9533803892983
"0.65",115.287824542017,111.768911076681,115.53052382859,86.2618470612606,43.9589982722992,23.0841260865685,17.4013573583768,18.7668817623259,27.2096520809954,48.4397306337549,78.2751959255398,102.73076005349,65.7263173901582,114.195753149096,51.1016571400428,21.1259637338994,76.4818955375949
"0.69",145.354317068408,187.908845687685,229.475824729507,121.67388471052,34.2395040395039,21.1686609199986,18.4076918076593,18.0406885586235,30.0368731681071,49.0072477066719,73.9760415013904,116.978052482024,87.1889693650083,187.5796624952,59.0273498900076,22.16175117813,79.9871138966956
"0.75",114.949708966737,127.922995420752,100.767064547746,92.6205367793017,34.6023067324828,17.1197952671316,14.9217224629712,15.799154178891,20.9253505211157,35.133250693571,58.0456720819972,93.8573010803019,60.5554048944166,114.546589645078,48.1142129263054,17.215409054326,62.3454079519567
"0.79",139.801027608535,135.646389612748,141.190753147082,90.94813922249,36.9605560078351,21.4814428432222,16.8965260162709,17.421538993566,30.2655909157678,51.2096207965321,81.0229114073297,124.603819945133,73.954026376376,138.879390122788,49.7967126911824,21.5278853085349,85.6121173829982
"0.85",140.487155851341,139.707347468485,140.581132845606,107.55699616169,40.4319873765427,23.1184423623716,18.1498906081918,19.2982195483288,30.3213502926319,51.1640464369152,74.5098845591347,112.562673389695,74.8240939084112,140.258545388478,57.0358086335346,22.5898201497175,79.4122014619149
"0.89",124.393501487875,122.117314621846,125.26592482072,86.6997844087077,37.7875684183952,23.0312295142426,16.9790543512727,18.4203654101972,27.9438661412765,47.3886608658066,70.5486103214688,101.370579800921,66.8288716802274,123.925580310147,49.1728607804485,21.1144286342488,73.1026169960654
"0.95",165.776059408533,204.917034617638,230.836493685982,143.141758336683,39.2224189496491,20.8330476808278,18.3649994772069,19.7787549612593,28.2712402391633,47.2603303000335,73.9439709434349,126.458149903714,93.2336882086771,200.509862570718,67.7324083223868,22.1383315592098,82.5541503823941
"0.99",119.342807262051,109.12470915203,122.969603310744,80.9185138829977,40.4345613727531,20.3479531971171,16.475297326827,17.0379414029044,26.6010151899265,46.054881529584,79.493788656514,108.151824085763,65.5794080307677,117.145706574942,47.233676150956,20.038084639886,77.9001647572871
"1.05",153.052688480843,250.590391436161,361.360721155623,154.932530682822,41.0389369024328,20.8724432974308,15.8524787772448,17.8554696598121,28.4606053116113,44.4673216516842,71.2772078134647,101.305941823864,105.088894749416,255.001267024209,72.2813036275618,20.722851249556,72.3501570963378
"1.09",144.432614954582,133.315393618846,132.935355450281,89.7901216724013,39.1141024338012,22.3895471933423,16.0349717850259,16.6869413315853,27.955900735213,51.1899316212413,80.9396984740822,124.734961594651,73.2932950720877,136.89445467457,50.4312570998483,20.2259379506081,85.6215305633248
"1.15",137.779465284472,123.816116168268,163.049402176921,84.0018504302235,36.4182984105907,19.7494727033663,16.0773500357828,17.2182552673521,26.3172238710156,49.0320930536974,84.2840075291629,129.164382505958,73.9089931197342,141.548327876554,46.7232071813935,19.8709430580501,87.4934943629395
"1.19",133.892432295917,119.86193571572,122.305505215951,83.4415686086628,36.2110888601081,21.1340929758182,15.3418456448489,16.3951083446052,26.0961606610339,47.3268462646116,73.4511793197456,113.146318276844,67.3836735153222,125.353291075863,46.9289168148631,19.277704883496,77.9747812870669
"1.25",175.968870794463,182.127075438862,190.621503762277,116.848492685628,42.4120694496106,22.4461084020036,18.0922231121014,18.7025798529486,32.8061740237268,57.0392177192082,91.5945876232858,142.537441714179,90.9330287148578,182.905816665201,60.5688901790807,23.2003256629256,97.0570823522242
"1.29",104.834925498351,95.237426050504,107.751933958729,71.8851637408902,33.9407887948661,18.5937862739104,14.8635658792144,15.4925581217348,24.6404309476796,41.7278445706512,66.3402367871331,97.9950114781105,57.7753060084812,102.608095169195,41.4732462698889,18.3321849828763,68.6876976119649
"1.35",145.590721001003,141.385502799389,148.902370371444,97.7266934387945,47.648353164054,21.7519986508231,16.8946228933313,18.8671999525112,27.1328650959564,50.0432022626177,87.1727011537384,113.483258762118,76.3832907954817,145.292864723945,55.7090150845572,20.9648959805996,83.5663873928248
"1.39",134.222980783243,126.276091089322,130.340944772697,105.994608112479,47.0890803977256,24.4021295359503,17.8397561157413,20.1240248373817,29.2955894332061,52.3024332845903,81.4833827025046,111.382868022546,73.3961574239488,130.28000554842,59.1619393487183,22.4197901287764,81.7228946698802
"1.45",136.453292891852,127.964602662104,141.735974503708,100.491494195651,46.1496324203629,22.4898045298135,19.5965854854565,20.2660845408748,33.1104695587154,54.756759006333,86.3591637346247,119.617661490565,75.7492937516717,135.384623352554,56.3769770486092,24.3243798616822,86.911194743841
"1.49",163.523754986742,159.163231079132,152.317425777594,105.99176031899,39.722668053061,22.2625018873623,15.6979043440322,16.5837992204822,27.9185668792206,51.9741992908941,81.0471260162652,130.712904101227,80.5763201629169,158.334803947823,55.992310086471,20.0667568145783,87.9114098027955
"1.55",134.133304056485,134.99266647373,141.145985603835,97.1643441945922,42.4672126373264,21.5000397963785,19.4947238090599,19.2559171113861,33.0609302464681,53.2618272882891,80.9270659113552,112.421007049844,74.1520853482291,136.75731871135,53.7105322094323,23.9371903889714,82.2033000831627
"1.59",142.62455145994,134.295111676056,149.470583426186,112.967396548601,58.8697276590868,26.4396704166598,18.6542896597668,20.7922195269635,31.3887685180536,55.28772050187,98.8645470864745,132.598030126105,81.8543847171469,142.130082187394,66.0922648747825,23.611759234928,95.5834325714831
"1.65",150.006992715139,153.178715933737,146.953216139177,101.344737943692,37.7745963181516,21.5816877117548,16.6885424601057,17.056020456175,29.8214223769666,51.1870190156104,79.187301272367,123.851784381598,77.3860030603728,150.046308262684,53.5670073245327,21.1886617644158,84.7420348898584
"1.69",129.925349889706,130.072856375381,130.030576935075,101.872670750122,49.3940751101043,24.7750872511534,18.2694498597156,20.0706057513939,28.6422241469058,52.4955182460665,83.4325594748282,106.494567071181,72.9562950718028,130.009594400054,58.6806110371267,22.3274265860051,80.8075482640254
"1.75",140.850727113483,141.960557143283,127.800457875729,77.5925374564867,33.0859740966824,22.4479093349062,15.5220015687326,15.7890382855195,27.2073553946906,48.4575143858548,75.210118605718,116.959140671458,70.2402776610453,136.870580710832,44.3754736293584,19.5061317496476,80.2089245543436
"1.79",126.522546515395,144.433308794342,165.277026299082,84.4390806015499,31.8108769037711,18.3552902836959,14.8539857599266,14.8802558782045,24.1096760394338,38.6118589211532,64.7389542582771,103.735715601893,69.3140479880604,145.410960536273,44.8684159296723,17.9479725591883,69.0288429271077
"1.85",130.228536200475,128.813562328013,130.857274038152,107.363038455304,40.4541438252998,22.5187034284588,18.3239181213071,19.7792500811407,31.255673210592,49.52091083518,72.323397178373,105.680044584139,71.4265376905362,129.966457522213,56.7786285696874,23.1196138043466,75.8414508658975
"1.89",162.487091977275,177.234585422867,191.264674760518,99.6039714268685,41.6346665547739,22.1371847973157,17.3697689360137,17.4394697565167,28.7968453591482,50.4668479335074,89.3006000601119,135.034898393453,86.064217114864,176.99545072022,54.458607592986,21.2020280172262,91.6007821290239
"1.95",119.463900529532,121.708709342329,120.069374809203,82.4918598897468,31.4215036354473,19.715465034601,15.5579111517752,16.0014581596167,27.1594367822391,43.8525958574824,66.5808156066827,100.399974527304,63.7019171104967,120.413994893688,44.542942853265,19.5729353645436,70.2777953304899
"1.99",113.108946766898,111.701039191394,108.733919241427,79.3699767082889,40.2432391384722,23.1045657171606,16.2382690840829,18.3166463806144,24.8202581981125,44.7187130589148,67.2171006260939,84.6625423751387,61.0196013738832,111.18130173324,47.5725938546406,19.7917245542699,65.5327853533825
"2.03",156.49821616079,263.989843922126,356.658168842351,139.863341043238,35.3081824501119,20.9928823960988,14.5572100623949,14.9250645714141,25.0559150020974,41.4638493018994,69.0879561584796,99.374985666885,103.147967964824,259.048742975089,65.3881352964827,18.1793965453021,69.9755970424213
"2.09",99.8154233558666,109.202455762095,152.546988861955,83.5682347660119,31.4481541639736,18.0677167769498,13.8375374926185,14.536980036888,22.5450699347414,34.260968895854,60.5371123094582,76.4739388286629,59.7367150987563,120.521622659972,44.3613685689784,16.973195821416,57.0906733446584
"2.13",86.7345654306859,94.6437572046956,87.2868301466555,58.5178477303269,24.9884012894422,17.3948531038502,14.1401728763366,13.5599512638922,21.5415366955293,33.6937137321176,51.6323018994982,75.0560401539704,48.2658309605834,89.5550509273457,33.6337007078731,16.4138869452527,53.4606852618621
"2.15",103.230014673641,184.05130441402,262.874815693789,109.764551681701,29.4138996219208,17.0200669279643,13.8467179722626,14.7555161627793,20.3098134806981,31.4693869717775,48.1576274517098,71.0271489913243,75.4934053369657,183.385378260483,52.0661727438621,16.3040158719133,50.2180544716039
"2.19",161.929242476392,182.927231014299,240.653763286623,111.558358512579,38.6836764057615,20.7604576397611,17.1500693493707,17.4453856398494,31.164874683927,46.7687829831543,77.3460339465566,113.301280457679,88.3074296996627,195.170078925771,57.0008308527007,21.920109891049,79.1386991291298
"2.25",31.7020220884828,29.244142711328,33.228960270677,23.7123334603965,14.4734382774921,11.7795447464489,10.6945251527019,10.486653379937,12.3987038693405,15.7170273495561,23.4078888695465,30.1153797715986,20.5800516622922,31.3917083568293,16.6551054947792,11.1932941339931,23.0800986635671
"2.29",113.075834335645,124.862232661129,116.588034308449,79.702471654906,32.627089492486,20.7380919837787,15.8817808888629,16.1531580754858,26.8744102894166,42.7532518626397,70.1797226762303,99.8999702947063,63.2780040436446,118.175367101741,44.3558843770569,19.6364497512551,70.9443149445254
"2.34",70.0923782190322,76.6143095622876,74.7335714710622,52.3964419353218,21.4959483404094,15.4058224218022,13.0864149056255,13.273952856035,19.1534221898815,27.8998151553676,44.5461448188954,62.9225356549503,40.9683964608892,73.813419750794,29.7660708991778,15.1712633171807,45.1228318764044
"2.39",118.871198331115,127.750936711735,116.216008337038,80.7161027721419,32.4707925401887,21.6541319121023,16.0658494515505,16.4160555607443,27.017140428672,44.5137286009504,67.098351141347,98.4628705372823,63.9377638604056,120.946047793296,44.947009074811,19.8330151469889,70.0249834265266
"2.4",91.7449469465771,95.0258713725989,83.72845101392,53.0376252397032,23.9575806367424,17.2755233993929,13.8718441066809,13.8891508721211,21.0524142311775,33.817138538248,52.9249443816851,77.7194739588112,48.1704137248049,90.166423111032,31.4235764252795,16.2711364033265,54.8205189595814
"2.46",105.842407915325,111.040372285954,156.10151066458,92.4539909901098,33.535386491379,18.8210698255704,14.8399057933205,16.3244305053744,24.0049923580369,38.4772448716106,64.7379297334385,84.8627628731741,63.4201670256561,124.328096955286,48.2701491023531,18.3897762189106,62.6926458260744
"2.49",100.659556571979,109.499465196276,94.6583256350661,56.6399826673807,26.6081393682287,19.0885404199588,13.9025196445799,13.0226414729578,21.42238782434,37.011461238933,59.9550227544398,88.8921218310735,53.4466803854345,101.605782467774,34.1122208185228,16.1158496472926,61.9528686081488
"2.55",136.891988570753,168.192447775436,212.305011124901,97.0302323084585,30.5860028631049,17.9730723523359,14.481289800896,14.7434916808332,23.1711416079345,35.0127021305805,62.4975152193898,90.2771478306474,75.2635036054392,172.46314915703,48.5297691746331,17.4653076965546,62.5957883935393
"2.59",159.258375567186,192.768207520407,218.725520557198,94.989231362082,33.6094523100325,21.0663879000154,16.7888168211308,16.3342082643166,26.8790373964938,40.4159092593437,74.9467078214766,118.549858763678,84.5276427952801,190.25070121493,49.88835719071,20.0006874939804,77.9708252814995
"2.63",84.0395203458347,93.0644117926616,83.1669807684815,51.1390281275188,23.4194651059169,17.8033834778192,13.0390308254859,12.5791408945761,18.9754351367927,31.9151729838021,52.7311368298322,77.7892270539902,46.638494445226,86.7569709689926,30.787292237085,14.8645356189516,54.1451789558748
"2.69",143.245179617073,172.875866959218,203.78056234094,88.1532263541355,30.3709569730753,18.7381615703073,15.9408737926629,15.6492787708851,24.7534482361988,35.7366214701734,66.8546255366661,104.616548515265,76.72627917805,173.300536305744,45.7541149658393,18.7812002665822,69.0692651740349
"2.73",53.11264271955,53.2232561160633,50.8942306139816,33.1889567124113,16.7080584208913,12.9301669871142,11.3722129614812,11.1247867813344,14.7254944283093,21.6270426182323,34.7935653628715,46.1537446470875,29.9878465307773,52.410043149865,20.9423940401389,12.4074980570416,34.1914508760638
"2.78",117.953535860326,134.125309473613,146.88986822556,68.4281943018151,31.0019956538603,19.9319697465876,15.4981279405183,15.2130970721282,24.5656978738915,38.3857769200002,64.4775551169944,94.7211754311811,64.2660253013729,132.989571186499,39.787386567421,18.4256409621793,65.8615024893919
"2.79",126.436315165061,140.024459191233,159.141185874703,83.2025664730026,33.3297712367344,19.8252448685423,16.7425136435877,17.1568279166239,28.4400045722056,42.9198231244552,68.7322480682534,109.559497850598,70.4592048320834,141.867320076999,45.4525275260931,20.7797820441391,73.7371896811021
"2.84",93.2604867157894,97.5401281696873,95.0969666046532,63.6516874985524,26.1605043811993,16.6954981578069,14.2035519762313,14.3499118177445,22.918731518786,35.7119134138913,56.6114110106937,89.7736641605155,52.1645379521292,95.2991938300433,35.5025633458529,17.1573984375873,60.6989961950335
"2.89",91.7870017511349,101.704225878287,91.5655370688883,52.2653619440911,27.1566544843871,18.2409683130947,13.6988995686231,12.8586970906463,21.0725653693559,35.2137517639521,62.2543194859875,87.3285462478958,51.2622107471953,95.0189215661033,32.554328247191,15.8767206762084,61.5988724992785
"2.95",41.7855026522274,48.2218989608048,47.6750948460931,33.7454485780732,14.6053275261439,11.7739091326201,10.6928382887778,10.6643448905756,13.3626600465464,17.4865505561086,28.5802691583546,38.9482822441015,26.4618439067023,45.8941654863751,20.0415617456124,11.5732810752999,28.3383673195216
"2.99",97.9790447089797,110.570897078007,85.2292174905624,45.5201701347736,24.8586257514862,17.3215477356894,13.4974937128491,12.752675641741,20.9946001577122,35.7963222228507,61.2261072855683,92.4611072901435,51.5173174341969,97.9263864258496,29.2334478739831,15.7482565041008,63.1611789328542
"3.04",66.2047502252375,70.0799238125246,72.1543056983791,50.4334943387558,23.4584178260486,14.7356055339967,12.4152355048308,12.2695689843157,17.8688436205251,26.5278420025709,43.6745195038129,59.9048265408333,39.1439444659859,69.4796599120471,29.5425058996004,14.1845493698905,43.3690626824057
"3.08",40.7196613050999,44.7460289612591,46.3853485674326,31.5215309641054,14.4907279125155,11.8475205940781,10.6799557242625,10.6429029307638,13.0189888540259,16.9475555873131,27.2845238665408,37.6016089955001,25.4905295219081,43.9503462779305,19.2865931568997,11.4472825030174,27.2778961497847
"3.09",159.866635704027,197.186892302065,216.404091887101,91.9537175401627,32.8351977372886,19.9830066932482,16.5186566084131,16.1053533343712,26.7009777004265,40.6617132213065,76.8516802349548,123.287162471771,84.8629237862613,191.152539964398,48.2573073235665,19.7749958810703,80.2668519760106
"3.15",71.4531021360768,73.941301602301,66.3525869957727,41.0415231411332,20.1388595494348,14.3920103143542,12.1325639078462,11.6993389821606,17.0771629597673,26.9789593257972,45.2227696315472,62.2843381099835,38.5595430546812,70.5823302447168,25.1907976683074,13.6363552832581,44.8286890224426
"3.19",37.1734095360184,40.4266331296158,39.0604474341583,27.8233540187454,17.2486438995743,12.652299273262,11.307023009758,10.9505770872879,14.3897876425552,20.0486491155624,30.764293389473,38.8157829967117,25.0550750443935,38.8868300332641,19.2414323971939,12.2157959132004,29.8762418339157
"3.29",75.5712387222929,84.6152857291524,82.4127348264285,50.4039028343861,23.855074880465,15.9483113765188,12.8601575279217,11.9112077893083,18.8976751097221,29.4244385075031,53.2778729179565,74.420537850662,44.4665365060265,80.8664197592913,30.06909636379,14.556346808984,52.3742830920406
"3.35",130.955348930442,148.518690499925,156.917737579467,70.3657655971808,30.9176658881532,20.1590049640064,15.6016468899424,14.802039667177,25.2948169554058,39.9526913214928,74.1357022942201,108.753657805339,69.6978973660626,145.463925669945,40.4808121497801,18.5661678375084,74.2806838070173
"3.39",95.8407791527423,106.42322496464,96.7748130557571,55.4740747921797,27.0462197018736,18.3161297977419,13.7216589824356,12.9204092594584,21.3227995711472,35.5064722079892,63.5058880522931,89.8027045664028,53.0545978420551,99.6796057243797,33.6121414305984,15.9882892710137,62.9383549422284
"3.45",82.8541417471069,89.9749891646381,87.0824201712454,59.1992550794613,25.4888292069309,17.0825043607045,13.9219454950962,13.3795600289315,21.1887965258203,32.3572298973134,52.3862504104811,73.6327999702316,47.3790601714968,86.6371836943301,33.9235295490322,16.163434016616,52.7920934260087
"3.49",114.844492756223,126.423522968136,106.299032460208,57.3807603479788,29.4777184682107,20.6301121149957,14.6098374212872,13.6024440824211,23.3061350687726,41.0636220718128,72.2134768194868,106.439499533718,60.5242211761042,115.855682728189,35.829530310395,17.1728055241603,73.2388661416724
"3.55",132.159619947699,149.889886258879,139.958536180407,97.2177583995889,31.6001119479758,19.0519255682292,14.5897029238592,14.1931804873671,24.2309166719224,43.9218124620799,74.138559253291,112.279551525873,71.1026301355976,140.669347462328,49.2899319719313,17.6712666943829,76.7799744137479
"3.59",152.380082972275,175.019470686538,146.695273798675,96.6308653980222,32.5578823263664,20.2906051327078,15.1599192551251,14.8258428846697,26.2278787303324,50.1786551832718,82.0751143800959,132.987162671966,78.7523961183371,158.031609152496,49.8264509523655,18.7378802900424,88.4136440784446
"3.62",80.2927689073314,82.3376330049841,67.026337810795,38.614385739276,20.1372453456046,15.2297135529726,12.2127126953192,11.8891145340779,17.0560377777015,28.0631178175754,45.2404735123918,65.5144015528053,40.3011618542362,76.5522465743702,24.6604482126177,13.7192883356995,46.2726642942575
"3.65",40.7305291002469,41.8886293835835,41.1708430282523,30.2313953072988,16.5645466926821,12.006760348863,10.6644037101248,10.7280633374575,13.2992030580773,17.6263594889383,27.5344916227517,38.5772189796028,25.0852036714899,41.2633338373609,19.600900782948,11.5638900352199,27.9126900304309
"3.69",116.480482674942,129.632083441031,101.313017892378,56.5326845449716,28.3407425353673,19.557287873917,14.0921337197355,13.5323623936475,23.057682372595,41.5034357580733,69.7569691974431,106.198121927472,59.9997503609644,115.808528002784,34.8102383180853,16.894059495326,72.4861756276627
"3.73",39.0093814017716,41.5044985607631,44.0285356235669,26.8416580594599,12.8632987967143,11.1397127463413,10.5980091629928,10.4966751917123,12.4647830390395,16.0293730080165,26.8278508638022,39.1562702658901,24.2466705600059,41.5141385287005,16.9482232008385,11.1864891312482,27.3378313792362
"3.76",88.9377936471802,96.147586257016,92.5583624222905,58.5486690095031,25.5903749137026,16.4749898973325,13.2438379981812,12.7095826379403,20.9652869539307,33.6059310317144,57.5769400002187,90.807797061012,50.5972626525019,92.5479141088289,33.5380112735127,15.6395691966841,60.6635560309817
"3.79",99.4015047466933,111.167984169573,90.4979673694807,50.1357669075881,25.6205014064567,17.1332345453375,13.3700863326641,12.6717361209174,20.8505800545615,35.8173108727431,63.098376065969,91.8718502237407,52.6364082346437,100.355818761916,30.9631676197941,15.6308008360477,63.5958457208176
"3.82",92.7286188308664,100.367517276527,77.3647142557686,61.4915369023809,24.3758315911932,13.1644414875446,10.8376628964683,10.5632516092503,10.8937348942411,17.7604221165717,37.6668212710955,64.3056953441619,43.4600207063391,90.1536167877205,33.0106033270396,10.7648831333199,39.9109795772764
"3.85",76.6257470706641,82.3411150096136,69.7793715158587,62.611310962801,31.73456797067,16.105642846539,11.6189745752889,12.3235223688223,13.7976541463799,21.8532092990296,38.4622015398543,56.8914293452588,41.178728887565,76.2487445320454,36.81717392667,12.580050363497,39.0689467280476
"3.89",38.2632522731986,67.1078218224059,91.7068018049334,32.00736891009,14.2662924122336,11.132152498928,10.7715092972354,10.6979355707188,13.797567580055,16.6722280266585,27.5315453121722,39.2442358607954,31.0998926141187,65.6926253001793,19.1352712737505,11.7556708160031,27.816003066542
"3.92",74.2774773250986,74.757662776177,63.1638955518738,45.6318272051021,18.5382163652908,11.923272383843,10.6625478460311,10.6032655363173,12.1035544929481,17.3904522388601,31.5216857852667,49.550007366549,35.0103220727798,70.7330118843832,25.364438651412,11.1231226250988,32.8207151302253
"3.95",82.7035980714285,83.6985592813427,86.5914646656633,62.603308912943,24.6156494922838,16.6765990237782,13.5134188885623,13.9798759123519,21.2898605757015,33.1874092418972,51.1359656307298,69.8453190233067,46.6534190599991,84.3312073394781,34.631852476335,16.2610517922052,51.3895646319779
"3.99",37.3677958135619,37.6805383578397,50.4258430095613,45.5912612714465,22.5969110550733,13.3435358478406,11.6491491751447,12.8402744787445,15.2786467247545,19.6252873905868,27.1811536974813,33.3436505382022,27.2436706133531,41.8247257269876,27.1772360581202,13.2560234595479,26.7166972087568
"4.02",54.4410011173436,52.694915332312,46.7618166830136,29.7745260234378,19.3638683363148,14.7109808702134,13.7535946206529,13.5037920482335,17.595840289674,25.961759217489,37.578135970375,50.9185126884684,31.4215619331273,51.2992443775564,21.2831250766554,14.9510756528534,38.1528026254441
"4.05",75.4232652172068,79.5811989272419,77.7865454654318,55.0410541516738,26.3259751154533,17.4070474447633,14.8159752735512,14.0674741592371,21.8106933104395,34.4915854000639,49.0032283187424,68.1909953323749,44.495419843015,77.5970032032935,32.9246922372968,16.8980475810759,50.5619363503938
"4.12",138.311170344621,162.159680059502,217.469564906378,102.490183110979,37.1873304630146,19.5742328800197,16.4836041955487,16.9458809171156,28.2398086837082,41.2981684661354,65.6648445016684,91.5842251483067,78.1173911397497,172.6468051035,53.0839154846709,20.5564312654575,66.1824127053702
"4.15",76.1704377143898,80.1862835003418,73.3605345878586,47.4045135653049,22.1354457455891,15.3527257713995,13.2194547272963,13.1558415143852,18.9164508368725,30.6809112736267,43.829141924765,64.2767260355492,41.5573722664482,76.5724186008634,28.2975616940978,15.0972490261847,46.262259744647
"4.22",53.3362515933111,43.8106567288074,33.4260906594585,19.9298991680811,13.357670376984,11.8263793828584,11.958319374704,11.7109834183427,14.8816810038945,22.8680341511055,31.3213011334163,41.8980814947343,25.8604457071415,43.524332993859,15.0379829759745,12.8503279323138,32.0291389264187
"4.25",56.7522258039364,56.2905421482878,50.6254297891893,35.6897278213791,17.7093828191037,14.3752919397098,12.7990253383544,12.4240556929656,16.2637374887712,25.4474827834298,35.3442634754883,48.8762513672087,31.8831180389853,54.5560659138045,22.5914675267309,13.8289395066971,36.5559992087089
"4.32",34.9519362751257,32.239596224173,32.8011288569068,23.5625305352912,14.1263957101681,11.4733176174622,10.723360727111,10.5959688961757,12.6975801426244,17.2146924681767,25.537441881077,33.1481487577877,21.5893415076733,33.3308871187352,16.3874146209738,11.3389699219704,25.3000943690138
"4.35",125.494787737559,181.539121807158,217.834805761376,80.4929720281079,33.429800950809,18.105692236154,13.9382426746971,14.2741988635482,21.44301719649,33.068981908789,60.3547013607144,91.0774974102709,74.2544849946395,174.956238435365,44.0094884050236,16.5518195782451,61.5003935599248
"4.39",56.2845171094877,56.839769067785,59.5492633698666,56.3020861079564,27.6626188920388,22.8716904744704,12.8075110728062,11.8443952478292,16.7410231451129,27.0736319302225,27.4133708916331,48.0608652790714,35.2875618823567,57.5578498490464,35.6121318248219,13.7976431552494,34.182622700309
"4.43",81.4258777563935,86.2296840318958,84.5645897799531,65.7321894250087,29.8545987720368,18.6200992042559,16.8960034005171,17.4493317617391,27.9563513884294,42.5833338529314,51.4054037740043,72.6501608067639,49.6139686628274,84.0733838560808,38.0689624671005,20.7672288502286,55.5462994778999
"4.46",66.846666713176,90.0778405151948,102.573986571201,43.8596572159873,18.7649262475255,11.5667219326131,10.7470033509183,10.6720897203021,12.7083453723407,16.5202892592069,28.3504945647019,44.2244324185733,38.0760378234784,86.4994979331905,24.730435132042,11.3758128145204,29.6984054141607
"4.49",69.4685005602348,66.0704828961334,54.6316242469054,48.2585111434297,30.1417856852273,17.6829369697051,13.6219083666748,14.2695634939478,22.1261930543391,34.9764844693088,36.7216840734351,57.6280864626687,38.7998134518342,63.3902025677578,32.027744599454,16.6725549716539,43.1087516684709
"4.52",48.9545133930663,42.1242769206092,35.7069845676064,35.5605102695741,25.5555677893588,19.4518619862149,12.5264217581171,11.5611019816274,17.5116634557612,27.4969965793826,25.5423141329683,42.0096806719128,28.6668244588499,42.2619249604273,26.8559800150493,13.8663957318352,31.6829971280879
"4.55",84.2377614275487,88.2649453635315,70.6142892585244,59.0632120737848,24.3617361723806,19.1875235430922,12.0148277767532,11.1301997071899,13.1462881975923,20.6933103276312,31.6372272081945,58.8601731644922,41.1009578517263,81.0389986832015,34.2041572630859,12.0971052271785,37.0635702334393
"4.63",52.3451265098418,48.4790378895004,41.0156142519289,23.9717160221717,15.3709383832921,12.3096794670639,11.4408737599247,12.4484654374964,15.7553815660526,24.0873065632126,34.4387977538263,46.156188345655,28.1515938291639,47.2799262170904,17.2174446241759,13.2149069211579,34.8940975542313
"4.73",176.156986302461,222.836361991861,287.369472140121,150.238796931445,33.6220080500703,18.1889687848598,16.8061065530714,17.0494069255407,26.4464440316049,45.1302432255921,73.3914307460867,124.444939696828,99.3067637816285,228.787606811481,67.3499245887918,20.1006525034057,80.9888712228355
"4.75",138.01121754931,157.205711947717,156.369264699719,115.066022326389,33.7238534956025,16.2929405191547,14.4868633140558,15.2370065845653,22.8542614788595,39.1798887435041,61.6029900221546,108.877876372105,73.2423247544281,150.528731398915,55.0276054470487,17.5260437924935,69.8869183792547
"4.79",222.933568375815,361.928782883422,455.8863870757,188.385006430358,37.2234282877222,20.5253263001002,17.6702984735661,18.872962131263,27.9472336874896,48.143512241374,80.2200532257239,140.477137656825,135.017808064113,346.916246111646,82.0445870060602,21.4968314307729,89.6135677079744
"4.83",44.0475722703138,46.7440133948027,47.3435724603367,40.0299088779033,18.4404397565322,12.4972976276824,10.9513485341746,11.0176029968813,13.1428710531226,16.8405060713197,29.4346109130897,42.0520815653153,27.7118187934562,46.0450527084844,23.6558820873726,11.7039408613928,29.4423995165749
"4.93",59.7581707339891,58.0772862371553,55.8049347394948,36.2320760981141,21.0981796236611,14.3349434422619,12.5561853784718,13.015083451212,17.1485959671987,25.376611025783,37.8864062717339,53.8255650642235,33.7595031694416,57.880130570213,23.8883997213457,14.2399549322942,39.0295274539135
"5.09",50.7492032964291,40.537319275432,35.8559616587747,23.4244550981804,14.9136016662642,11.6630764589723,11.017030722199,11.0243813054054,13.8764330945056,20.6015948286091,29.349604357943,38.4848045521815,25.1247888595747,42.3808280768786,16.6670444078057,11.9726150407033,29.4786679129112
"5.16",39.9879745037288,39.5342518032388,31.6138831794524,23.7433366717613,14.253243586329,11.6903627120518,11.1598535468412,10.7782140043435,12.5173890927246,15.575157017159,21.08058758373,25.6889120202583,21.4685971434682,37.0453698288067,16.5623143233807,11.4851522146364,20.7815522070491
"5.19",42.0499218363037,36.916773047646,34.20186633854,23.1066511778419,15.1466286658357,11.7545685629549,10.9403296234892,10.8806901251644,13.5918157780546,18.6458000144188,25.8154897649665,35.9317814286385,23.2485263636545,37.7228537408299,16.6692828022108,11.8042785089027,26.7976904026746
"5.25",39.2706361866599,33.1109506675818,36.3317897526507,22.9689332316024,14.4625740240237,12.0592208081251,10.8133574831257,10.740512469723,12.765217556041,16.48847454568,23.5379770210001,32.3369750465533,22.0738848993972,36.2377922022975,16.4969093545838,11.4396958362966,24.1211422044111
"5.29",257.394209683799,371.141141802315,453.956583369158,230.750784864524,57.0449214276782,23.301853801063,18.6248946896673,20.2635812766521,36.5391432563441,64.9052435066509,105.507501107283,187.485112595788,152.242914281743,360.830644951757,103.699186697755,25.1425397408878,119.299285736574
"5.99",184.122446884702,265.087857514061,345.515523255666,124.977322738151,38.9495890736901,20.3474583444813,18.1020376734528,18.9085870350735,30.0075739425174,41.1349505195985,71.9204401416543,118.467431704241,106.461768235607,264.908609218143,61.4247900521075,22.3393995503479,77.1742741218312
"6.09",39.1125597837907,41.9667802788402,44.0272646414522,34.4642243684869,18.1774712240453,12.7602382583459,11.1593311840461,11.4116523220748,13.3924528634724,17.2569546507816,25.6091096822838,34.1900088299254,25.2940040072954,41.7022015680277,21.8006446169594,11.9878121231977,25.685357720997
"6.29",110.247241739745,140.685614799169,187.647071162272,78.2177630240699,37.6918955172507,18.4469007903122,15.3985479664279,17.1504344810211,25.5559545983057,35.9877335245584,54.9019541837963,80.1627755388944,66.8411572771519,146.193309233729,44.7855197772109,19.3683123485849,57.017487749083
"6.39",39.8958588057069,35.374136568788,42.9703241417173,27.8543396215522,14.5012843349071,12.090761245129,10.7196931076236,10.6132015624245,12.4546360662247,16.0740156155473,24.8178491778503,33.758282441696,23.4270318907639,39.4134398387374,18.1487950671961,11.2625102454243,24.8833824116979
"6.49",30.8948152533936,33.6360951350117,37.7675686961015,25.8304325489568,12.5039061398641,10.7880536013172,10.4343187693473,10.3697632946184,12.0561418502402,15.0721689280765,24.3486358417264,33.550119878112,21.4376683280638,34.099493028169,16.3741307633793,10.953407971402,24.3236415493049
"6.69",144.848591802894,155.454276356326,159.044528550188,110.807836549843,36.533979040425,19.4581929128967,15.4682894217018,15.6702582478295,24.5188292453285,40.9444368577083,71.3848091883687,103.430835775864,74.7970719957811,153.115798903136,55.6000028343881,18.5524589716199,71.9200272739804
"6.78",105.356964934122,125.209973510056,149.625204914467,68.8161782252436,39.5839139963201,19.8633786376027,15.1950471394095,16.1669737038377,26.0132990734051,37.6761245971097,56.9387903190056,77.0146607131123,61.4550424803076,126.730714452882,42.7544902863888,19.1251066388841,57.2098585430759
"6.88",78.7282595529697,77.7427279514489,64.2182162962844,40.4198852034483,18.7875236103389,14.5576373300791,11.7047281100932,12.0545206785627,17.5029803310603,28.6085490100488,42.1370462434768,60.9371019965022,38.9499313595261,73.5630679335677,24.5883487146221,13.7540763732387,43.8942324166759
"6.99",71.6503624205481,80.9803799360842,100.85756765051,43.6404679705259,18.8097295939783,13.820486052958,12.6153264031408,12.4924956049807,16.6904565916576,21.0952928908994,37.0932200313618,55.6404402658249,40.4488521177058,84.496103335714,25.4235612058207,13.9327595332597,37.9429843960287
"7.09",237.602639826256,265.843446291702,287.707376713382,152.513781729109,42.3630941939117,21.3381563549723,17.5383690852198,19.088148560345,32.5547975300212,53.1083283289647,94.8877499433561,150.735292012134,114.606765047448,263.71782094378,72.0716774259977,23.060438391862,99.5771234281516
"7.18",153.135330699343,184.136706932528,237.67467728716,117.52256328554,36.7808641863328,20.0811971019134,17.4571338892353,17.8040250477597,30.5106470231559,43.5160086781359,71.7520616225913,102.337953119156,86.0590974060709,191.64890497301,58.128208191262,21.9239353200503,72.5353411399611
"7.77",119.735114822594,121.677241128126,154.152348244298,69.8215414377173,25.3691739460364,15.384591361442,12.4482275555948,12.9086004819006,21.5198933182248,36.1199940665473,59.3190932672976,84.4200642974091,61.0729903272656,131.854901398339,36.8584355817319,15.6255737852401,59.9530505437513
"7.87",217.437858684456,244.176653901816,240.432993266812,231.077631859545,56.3403975083084,22.6462358003251,17.889841606739,19.064699111931,30.6274018577607,57.8760740725519,100.888233561667,160.951055410658,116.617423053548,234.015835284361,103.354755056059,22.5273141921436,106.571787681626
"7.97",122.261855792382,145.062469487932,175.823107389699,72.5709456421988,23.6666720155865,15.7235998459595,14.5296555542057,14.7141569192273,20.664557951869,28.4620780222192,50.5353057091515,81.9089368240635,63.8269450962079,147.715810890004,37.3204058345816,16.6361234751007,53.6354401851447
"8.07",185.10528358463,177.235764810135,190.885976284085,79.230311586093,29.2181595243129,17.3276454725149,15.1088324393357,15.6200115101023,30.3662790632062,52.842342763876,92.3550455379912,146.292157427238,85.9656508336267,184.409008226283,41.9253721943069,20.3650410042148,97.1631819097019
"8.17",41.2201505399557,38.80293513871,38.2658031966622,25.0519346670904,16.1344452063617,12.6733388796027,10.7854952095019,10.7054655163991,13.3566858834018,16.7843535099494,24.9952958179439,34.8496088739236,23.6354593699585,39.4296296251093,17.9532395843516,11.615882203101,25.5430860672723
"8.37",49.9736139370919,65.8234285714256,93.5075316915479,35.3273641594303,18.4667054455803,13.7630615862776,11.6872677912512,11.8197217497625,16.3464495712292,22.3156069643883,35.4391100241617,56.1779518784513,35.8873177808832,69.7681914000218,22.5190437304294,13.284479704081,37.9775562890005
"8.47",40.2572479544209,41.3075279275402,40.9736919232532,27.1430924935133,13.491633827533,11.2272146187239,10.6118940110378,10.5351951357708,12.7485424214267,17.3412063674076,27.4512494245,38.2060079401328,24.2745420037717,40.8461559350714,17.2873136465901,11.2985438560784,27.6661545773468
"8.57",145.187186966531,131.285227772609,130.432074399599,64.2703642448378,26.0467393515187,15.8077490890155,13.0532695699892,12.8161941559083,24.8966452278203,45.2888647568823,78.9523312920333,124.091782668243,67.6773691245822,135.634829712913,35.374950895124,16.9220363179059,82.7776595723861
"8.67",111.966154531681,151.564664374862,218.784823408972,91.1224513106096,24.5129019583751,16.0133770346584,15.2626481349498,15.0505222294875,20.7987140804154,29.7689687049647,51.3200888295756,82.1687463703942,69.0278384140788,160.771880771838,43.8829101012144,17.0372948149509,54.4192679683115
"8.77",179.880853955011,183.683668666968,177.750458065545,108.57028567411,41.5911707711007,20.7486307744544,16.846321321077,17.2236454237719,31.2195471767599,55.8560037291286,94.9762027052969,144.055118061686,89.3668255270758,180.438326895841,56.9700290732219,21.7631713072029,98.2957748320372
"8.87",100.69162549998,119.587441458225,132.326285833926,64.8462721442517,24.7681291874339,15.770783423336,13.3595275938717,13.3669947542211,20.2827332614363,29.4136289180746,48.859150229033,79.243350727673,55.2096602526219,117.535117597377,35.1283949183405,15.669751869843,52.5053766249268
"8.97",155.775479007104,264.981741405241,316.179101734035,158.208469154099,36.1636245179039,18.6422834763305,16.3863741989917,18.2465318053175,27.5474382295019,42.7778545342207,58.3224671343217,101.962039534925,101.266117060999,245.64544071546,71.0047923827777,20.7267814112704,67.6874537344892
"9.07",191.148118370829,197.174545498028,241.397975125603,123.498141302996,45.9911881629894,20.8981194903995,15.9223248572417,16.4417799737128,30.1704675899242,51.5762768823588,95.1735861087965,138.603221524573,97.332978740621,209.90687966482,63.4624829854618,20.8448574736262,95.1176948385759
"9.17",177.758592584278,284.975001156717,337.993432069045,133.868578580436,30.8568699311455,18.5319892754436,15.0754640710079,16.9613794067067,25.620097801593,39.8314262105823,63.4839233751359,107.06427554915,104.33508583427,266.909008603347,61.0858125956751,19.2189804264359,70.1265417116227
"9.27",179.179659934425,219.287510944274,284.761456720022,137.551016287171,41.1206394647044,21.7527799222031,18.7946698258914,19.564244009306,33.1413631005656,48.0686506079155,80.9916957732254,121.870819229021,100.50704215156,227.74287586624,66.8081452246929,23.8334256452543,83.6437218700539
"9.37",156.265681233659,212.346275707079,279.500377275028,92.3351446151155,33.1145990509205,18.0904099200224,15.3533399197111,16.0679213178285,26.605917941988,39.3437169302184,69.7384296442681,112.118105198425,89.2399932295221,216.037444738589,47.8467178620194,19.3423930598425,73.7334172576373
"10.07",199.943023672978,315.034095921122,392.443761843135,228.745491961562,43.0798680451782,20.2165617487394,16.6950255880257,17.3088603885744,30.0823750746271,55.5418743504599,81.9543653761699,137.020844463687,128.172179036188,302.473627145745,97.3473072518265,21.3620870170757,91.5056947301057
"10.17",175.569407099717,217.147967470761,253.858232574269,168.1380834093,48.363967298465,23.0165934934203,18.7000635321829,19.492513626059,32.9789701197967,52.4145377635544,82.1942854155757,123.323754405419,101.26653135071,215.525202381582,79.8395480670618,23.7238490926795,85.9775258615163
"10.57",109.196372138856,127.90101191454,144.844310703949,90.9955786024354,31.1965207989092,16.7194249964794,16.4324752747425,16.2076753485931,28.7497918365439,43.3443367828167,53.3713747142763,81.2805230621206,63.3532830145218,127.313898252448,46.3038414659414,20.4633141532932,59.3320781864045
"10.77",202.472074316321,441.221132497405,624.222753147899,215.861079811314,46.0360993902302,21.7023069431723,16.7740296036542,18.0903376721286,29.9165478955528,48.2376807727631,73.0963045285342,121.693207885384,154.943629538697,422.638653320542,94.5331620482389,21.5936383904452,81.0090643955604
"10.87",166.921737752041,325.51240017309,412.843341764487,152.842074101983,39.0338733222503,18.6291191950723,13.9433124507149,14.8846127477738,22.8709035652626,37.6196541288407,60.8868073179869,101.628238338763,113.968006238189,301.759159896539,70.1683555397685,17.2329429212504,66.7115665951968
"11",183.591520737859,249.348557033565,284.4160186094,274.373051066777,50.3903980172846,22.3134053720919,17.4608600847911,17.8301452051844,28.8749500085812,48.1129379603422,80.1666009608654,123.464472632021,115.028576474063,239.118698793608,115.692284818718,21.3886517661855,83.9146705177427
"11.2",212.938943694949,309.933221767172,396.593237063642,165.078996273287,42.7391402129973,22.5389215683756,16.5496507568396,17.2371562908361,30.85943254113,54.7425184381115,90.2468683023002,153.039170427,126.041438111387,306.488467508587,76.7856860182198,21.5487465296019,99.3428523891373
"11.3",133.915484763493,166.060996489311,202.361301110745,124.304496100749,40.5933748621994,20.1339126611003,15.0605163755371,15.9418873533236,26.0027171845542,40.1926189533246,64.5951476030179,95.5655365419365,78.7273324999409,167.445927454516,61.6772612080163,19.0017069711383,66.784434366093
"11.4",179.413369047963,219.45905302676,256.476058879756,161.070132834171,50.232072151028,21.8060268672757,16.0959130185736,16.7368990591021,29.0523291022366,50.0629926551243,85.1225928829796,123.599794878843,100.760602866984,218.449493651493,77.7027439508249,20.6283803933041,86.2617934723157
"11.5",39.2052267137473,38.6767844172057,36.9688827984296,26.6088551192906,14.9020067455693,11.9141689354576,10.9881756397223,10.6048276772652,12.8903789575622,15.8662770331246,24.0026614641884,31.0081047727399,22.8030291895252,38.2836313097942,17.8083436001059,11.4944607581832,23.6256810900176
"11.67",93.9294318552101,148.105168790158,197.262301716795,69.8503129229182,28.0756236469293,15.3060935253752,12.7542273479275,13.7967598730249,20.1993208397793,28.2901010983259,43.8714022178682,67.0593628221829,61.5416755547079,146.432300787388,37.7440100317409,15.5834360202439,46.406955379459
"11.87",199.04515531745,319.290743201404,448.172037296262,203.660138332119,44.6218673554578,21.1210924705738,16.5216884766095,17.4807936462008,29.5341647524455,47.3536314254835,76.503533825708,118.906400603683,128.51760389195,322.169311938372,89.8010327193834,21.178882291752,80.9211886182916
"11.97",84.7496799993344,96.7984676684777,119.335660013372,60.7543762378482,25.004053856305,15.2358955548064,13.6068256975677,13.5713607487791,19.8326580182353,26.555007382254,45.5139866268574,66.2412014681651,48.9332644393335,100.294602560395,33.6647752163199,15.670281488194,46.1033984924255
"12",137.889312683911,277.58672365382,384.788427520791,119.868985469795,30.484883186068,16.8986148856754,14.1442300938597,15.4114181458178,22.1045082101897,35.0662809530205,53.2424374993068,82.653233182299,99.1782546237128,266.754821286174,55.7508278471793,17.2200521499557,56.9873172115421
"12.07",58.6075891059673,53.3095230628459,52.0798643298747,36.3617600840359,24.3245758168762,14.5025047432795,12.9562320561958,13.7567146914934,17.1764083536044,27.8538869322657,43.9259939746902,53.3148514237554,34.0141587145737,54.665658832896,25.0629468813972,14.6297850337645,41.6982441102371
"12.17",100.086483448966,100.527012957388,93.1701338369091,61.7068713684786,33.3587730021299,17.5940652493764,15.0192458977035,15.9594754599689,22.986219618125,38.9720730631063,63.3098042563363,81.9697857903267,53.7216619957346,97.9278767477543,37.553236539995,17.9883136585991,61.4172210365898
"12.2",76.1091101268945,75.9045347132465,72.6687505726605,51.2287058297278,25.0454349230381,15.1778324115779,12.6026986851776,13.0245692832303,18.1458464776096,29.2026770023421,48.5178556533646,66.8590060251516,42.0405851420018,74.8941318042672,30.4839910547813,14.5910381486725,48.1931795602861
"12.27",72.1226510546287,82.2361372002286,74.3919297752368,74.2309850454237,34.0455051334195,22.9438569801427,13.604433563969,13.7554652685401,18.0743136584444,28.4759139889879,39.8200449916576,69.876289564207,45.2981271854072,76.2502393433647,43.740115719662,15.1447374969845,46.0574161816175
"12.3",166.819346220902,269.03345026002,380.287563582493,170.365263491113,41.935299091173,21.2640813985128,16.8834544166673,18.1331787972684,29.1901971281744,46.3162676006694,74.871172635955,108.625088524779,111.977030262311,272.046786687805,77.8548813269329,21.4022767807034,76.604176253801
"12.37",131.034602496668,233.151910265788,329.689647278464,118.815988216711,32.0762836231323,18.2435759085423,14.870732514019,16.2374719223186,22.7969429247355,36.0768405946465,59.7354832424515,100.029390577135,92.729905797051,231.292053346973,56.3786159161287,17.968382453691,65.2805714714108
"12.4",158.171195022669,212.846571298937,268.921952393882,140.806443344727,44.699692565537,20.5114180512997,16.6718562831948,19.1315876889198,29.876038502028,49.7121888473706,76.4142969474834,121.540006061076,96.6086039172604,213.313239571829,68.672517987188,21.8931608247142,82.5554972853101
"12.45",229.684327175795,364.718512631546,498.91446672893,223.819190410972,45.0815009324854,22.0237423009127,18.8262487574105,19.0909766008284,32.3939612192398,56.1771802208571,90.2222332422517,160.903779189243,146.821343284206,364.439102178757,96.9748112147901,23.4370621924929,102.434397550784
"12.47",172.505504082756,281.948366404189,376.043171751414,177.135181049548,40.1471345396142,19.8756117351407,16.1058416339477,16.5498692592834,27.089851423893,44.7792813887529,70.4843068408897,114.329776580995,113.082824724202,276.832347412786,79.0526424414344,19.9151874390414,76.5311216035459
"12.5",130.223932739315,193.36331866043,240.646111045902,114.9309637316,32.7922634879456,16.6387888318032,13.8735046191316,14.8807199503488,22.2932890597231,36.4318658857149,56.4181044532351,91.4350479131537,80.3273258648587,188.077787481883,54.7873386837831,17.0158378764012,61.4283394173679
"12.57",167.448568430147,218.941135663431,287.237702580032,153.374035300052,36.0666911814027,19.4837595796138,17.3004881717429,17.0141938740118,26.9815462238351,45.4890317594513,76.0384239461599,125.260327512151,99.2196586851692,224.542468891203,69.6414953536895,20.4320760898633,82.2625944059206
"12.6",151.843876162713,150.449672231005,151.843223574091,112.592528133532,38.427130298917,18.8856492822587,16.201889062704,17.988201947389,29.078004295188,54.0128637315602,81.6352405194063,124.137500850352,78.9246483407597,151.37892398927,56.6351025715691,21.0893651017603,86.5952017004394
"12.67",61.1485349652669,59.0024517276833,60.5711704049015,47.3194527892526,29.3568546435057,16.4948205170856,13.8033143140808,14.9465197347353,18.7227237465611,30.5825243253831,47.5861883712243,55.1124306659386,37.8872488504682,60.2407190326172,31.057042649948,15.8241859317924,44.4270477875153
"12.7",166.669600761773,267.943658480237,331.036083015037,159.004197110553,33.8059920633912,17.4576845814567,14.6041853580883,15.3334712229065,25.3146159174797,42.4950057125785,63.2804156447605,102.1238167046,103.255727214405,255.216447419016,70.0892912518004,18.4174241661582,69.2997460206464
"12.76",176.924089620269,198.786140420278,180.246213326611,100.272996264286,37.9945875742081,19.942924133585,16.9841249635752,19.0906886933876,26.9016757234349,42.954781809672,77.1705121552869,108.689669805909,83.8298670408752,185.318814455719,52.736835990693,20.9921631267992,76.2716545902892
"12.8",258.05568674114,283.933022894286,252.318528600911,145.43074661609,33.1687684343211,19.1359375692824,16.918683680643,19.4537900530778,30.7553672763446,52.774305343645,89.5591740011622,152.618189502552,112.843516726121,264.769079412112,65.9118175398978,22.3759470033552,98.3172229491199
"12.83",202.126478444397,231.914093820394,201.161856442655,121.507857326728,41.1851578749617,21.2386748146223,16.938154089038,19.0333352795682,28.7195995928486,47.320742755644,86.766863807369,133.08321727564,95.9163359603221,211.734142902482,61.3105633387707,21.5636963204849,89.0569412795509
"12.87",201.685417513402,229.460003167196,206.196532239851,125.872786980609,42.8983570804835,21.3336244056561,17.2682395284849,19.6625530607474,29.3028083578621,48.3538137368906,85.6406498209663,128.330169652407,96.3337462953797,212.44731764015,63.3682561555828,22.0778669823648,87.4415444034211
"12.9",174.38626893308,207.632710772071,179.458126715647,120.715346900858,45.1095188845077,22.8413023608647,16.7702605833857,19.0014547939924,27.0200483296056,46.8186779289698,85.1985713971933,127.494999052739,89.3706072210761,187.159035473599,62.88872271541,20.9305879023279,86.5040827929674
"12.93",201.740854360308,231.520456623744,201.861022646377,122.056969199257,41.3411993467135,21.2658486226494,16.966904338344,19.103989773751,28.773114968721,47.4724227837244,86.3198295270553,132.435540201535,95.9048460326816,211.707444543476,61.5546723895398,21.6146696936053,88.742597504105
"12.96",166.075219176007,184.483471975748,159.094040836752,94.3545874718004,32.8757186361351,18.6722567029238,15.4537233335516,17.6647080378352,25.2476860714043,43.688252947351,73.8703185004839,115.886665903688,78.9472207994734,169.884243996169,48.6341876036198,19.4553724809304,77.8150791171744
"12.97",181.512672301122,215.73484541733,189.484749076569,116.12834097377,41.1672992673189,21.6103691490517,16.7963339303079,19.4552612908179,27.9423603842004,44.6658517089999,81.0474875358401,117.782117192589,89.4439740189931,195.577422265007,59.6353364633803,21.3979852017754,81.1651521458096
"13",43.5507520712748,40.0904393837358,32.4248526162622,21.8381968977048,16.2145428142155,12.3090745571396,10.8479397749061,10.9979183378458,14.1050394578545,19.2367536416873,27.0225869202827,36.8034689720075,23.7867971204097,38.6886813570909,16.78727142302,11.9836325235355,27.6876031779925
"13.03",211.623714044413,248.753347947281,233.868515601938,103.047785146147,30.7141929250138,17.6452647849344,16.0393632924068,17.4674899697327,28.0681172494285,43.8700436210979,74.8327210377389,127.554169833466,96.1237271211332,231.415192531211,50.4690809520319,20.5249901705227,82.0856448307677
"13.07",146.161759609007,153.403764258335,136.689518014177,76.2046600417476,30.7354697635894,17.4707924590256,15.4153171669041,17.7688904166484,24.9403307880408,41.494411993151,70.0538592477963,103.653612219079,69.4993654981251,145.418347293839,41.4703074214542,19.3748461238645,71.7339611533422
"13.13",161.111940264198,167.644553224772,151.522493190542,86.1308081708695,32.2104378995462,17.8785357377662,15.046171105111,16.6434629352963,23.9652859331001,39.659771258982,66.0157126200232,104.044301450727,73.4894561492445,160.092995559837,45.4065939360606,18.5516399911691,69.9065951099107
"13.17",88.5567167252748,75.4059603866869,83.9205020430586,63.7693700817123,35.8844690431368,18.8966680902309,15.5495459718937,17.4153528032159,23.4695868109678,38.0848139702418,60.6101982313678,76.6468283094773,49.850834372272,82.6277263850068,39.51683573836,18.8114951953591,58.4472801703623
"13.22",44.2790801191467,41.5909390883142,41.2979887105903,27.7994269538223,17.5778128531547,12.4743934164799,10.809402701668,10.9684852060436,15.6775871805208,20.2732860571676,29.0829986075475,43.155277855212,26.2488898958056,42.3893359726837,19.2838777411523,12.4851583627441,30.8371875066424
"13.27",166.347556311458,179.11087792125,153.447796730896,76.2301371335864,24.0072797698923,15.4213795762189,14.5062279865816,16.6172682692103,25.061651773395,37.5920381794248,63.2325868536327,99.3431031584182,72.576491971997,166.302076987868,38.5529321598992,18.7283826763956,66.7225760638252
"13.33",68.7275198356763,67.5526207698905,64.2887268866312,41.8109011844654,27.4776616588304,15.7291160169135,13.8262507812306,14.8195515289339,20.0558284576165,31.7909404250459,50.3191462167808,59.0156917017518,39.6178296219806,66.856289164066,28.3392262867364,16.2338769225937,47.0419261145262
"13.37",183.549222488885,218.993045184585,190.462009675666,117.261956560489,41.8290497062327,21.7815763920106,16.8585820899262,19.4171326003876,28.0049428821325,44.8161383337466,82.9975241893566,120.759528823122,90.560892410545,197.668092449712,60.2908608862441,21.4268858574821,82.8577304487418
"13.4",178.580066160936,198.081480678311,172.728229178208,92.0563154569917,30.2486231965117,17.8796343848945,15.468064932845,17.9745594903996,27.0327044349622,42.0988953012841,74.2747784714566,114.900152508613,81.7769586829511,183.129925339152,46.7281910127993,20.1584429527356,77.0912754271177
"13.43",172.400040722841,198.475094335139,177.527907409054,101.534935314557,34.9507779437349,19.3041057470318,15.6878475512444,18.0477578796246,26.0231826072396,40.3770219374965,71.9250076139731,108.784498942537,82.0865148337061,182.801014155678,51.9299396684412,19.9195960127028,73.6955094980022
"13.47",72.2419500491521,71.8728122762545,67.2277162566196,43.8634186271224,28.6175435759844,16.0471254860714,14.0176479699933,14.8041596964919,20.8062406061937,32.1591341100108,50.8883111005515,58.5502137064,40.9246894550705,70.4474928606754,29.5093625630594,16.5426827575596,47.1992196389874
"13.5",88.3360208743812,79.3997362950402,88.610462324546,65.6127820970151,37.3944865778367,19.0554481497778,15.8986705566805,17.6522329557203,24.7109863409939,38.7627236925921,61.295573334736,77.6265069394919,51.1963025115677,85.4487398313225,40.6875722748765,19.4206299511316,59.22826798894
"13.53",67.8773042540951,68.1563630384798,64.2658155280356,42.4712629582326,27.5719010447919,15.7163607220214,13.8922580471363,14.7346849935045,19.9963656368118,31.5971485867719,50.2649383457441,57.9330742296166,39.5397897821035,66.7664942735368,28.586508241682,16.2077695591509,46.5983870540442
"13.57",120.711267383281,126.779674146148,122.970503842505,74.1327057796969,38.1334318164087,19.9145610527161,17.382604660523,18.9083118793021,27.1410963295798,44.7893554584684,74.6933460152966,91.3536144765121,64.7425394033698,123.487148457311,44.0602328829406,21.1440042898016,70.2787719834257
"13.6",201.155272968356,235.480593928958,210.858787190106,123.139536799864,27.8126526619061,17.6748956483945,15.9638517032324,17.9071742903475,26.1968422896478,41.1242852844859,75.6040776130818,117.265583768882,92.5152961789384,215.831551362473,56.2090283700549,20.0226227610759,77.9979822221499
"13.63",223.934774301703,255.590230647557,223.15301151265,133.41196305335,32.5834076086755,19.3375935950323,16.0034594558465,18.4225721794509,28.9802323258094,45.4941452883028,78.6522607317774,129.592743494584,100.429699516228,234.226005487304,61.7776547523526,21.1354213203689,84.5797165048881
"13.67",99.759147246061,105.317832887025,96.9053411457974,61.1853401909761,29.7154649061513,16.1372145990507,14.2883554371675,15.6346775938783,22.3392143179309,34.4358808393684,55.7773014706021,74.2658627789984,52.1468027844173,100.660773759628,35.679339898726,17.4207491163256,54.8263483629896
"13.7",108.652452624579,112.661834190885,104.46870375326,59.128664190588,30.2605615025794,16.5537181434823,15.174976540378,16.3088700850835,23.9447070321766,36.8508312825296,61.1878523661074,74.46913978003,54.9718592909733,108.594330189575,35.3143146122166,18.4761845525461,57.5026078095557
"13.73",81.9852094984329,83.3101160805794,76.5832905538705,47.7323228478536,28.8808974175639,16.4691850721217,14.7900073722639,15.9934627084728,22.2698730245338,36.3527245186236,57.1218408717077,66.8786310688101,45.6972967529028,80.6262053776276,31.0274684458464,17.6844477017568,53.4510654863805
"13.77",70.9294499634378,68.0601814244467,70.4073468786027,42.5693567343352,27.0068702650699,15.802354924985,13.7510141333762,14.8332954203894,19.6455597460305,31.7780959293215,49.6385939892931,61.0375473713831,40.4549722317226,69.7989927554957,28.45952730813,16.076623099932,47.4847457633326
"13.8",57.5209139410672,51.0090919950591,52.7526807367429,36.4682552083735,23.7436701237252,14.3691659415868,12.426821687084,12.8217347092301,16.645511244355,24.7028775218392,36.0468197693487,42.9843528919489,31.7909913141967,53.7608955576231,24.8603637578952,13.9646892135563,34.5780167277123
"13.83",47.26898840763,42.8433010126872,44.8045012312872,27.5841716232915,16.5098631330025,12.5083714584093,10.9591723443334,10.9141330110429,14.3364117568964,19.1037283581896,28.0228852404498,39.3283751941764,26.1819918976164,44.9722635505348,18.8674687382344,12.0699057040909,28.8183295976053
"13.87",39.6686439153707,35.5090848552714,34.5375234080834,22.1603920756623,13.9722555097865,11.8966488645187,10.9340001256043,10.6272636077756,12.4171447688217,15.6825500851718,22.6475837297168,29.479429029558,21.6277099979451,36.5717507262418,16.0097654833225,11.3261361674006,22.6031876148155
"13.9",37.6020293991742,36.8539548071013,30.6626437285337,24.0846352665477,17.3143368495705,12.2538333933881,11.0633852957971,10.7757766545445,14.0700968781956,18.515703108635,26.2674339176794,33.3181301218112,22.7318299517482,35.0395426449364,17.8842685031688,11.9697529428457,26.0337557160419
"13.93",78.7618340379576,77.9882333884453,86.6238980860957,55.2072870936785,29.522787332513,16.6251710519578,14.5240151723573,15.4219628408869,21.4112667086321,33.0979432517812,51.5085362810913,64.9644655612529,45.4714500672208,81.1246551708329,33.7850818260498,17.1190815739587,49.8569816980418
"13.97",40.6244924584436,37.4630402906576,38.1418438536866,26.767146484585,16.945753423677,12.402633682696,10.8742623195745,10.7814633904305,14.3763868545822,18.4389721884513,26.2609385346728,36.333421317012,24.1175295665391,38.7431255342626,18.7051778636526,12.0107041881958,27.0111106800454
"14",56.9791014689588,53.4233738484645,51.5142964632069,30.1388918080226,17.0041640386673,12.8198595121837,11.5543882334597,12.4118260965614,16.4110158639272,25.012279748575,37.0789030146201,52.1640688100922,31.3760140755616,53.9722572602101,19.9876384529579,13.4590767313161,38.0850838577624
"14.03",190.145591004658,377.211953759501,507.891969968959,191.107018939503,36.6445423150219,19.3450199587553,16.1457096007336,17.0197618490228,28.9797688699697,44.9115510382437,66.321382718935,105.350134484577,133.422867042323,358.416504911039,82.3655270710933,20.7150801065754,72.1943560805853
"14.07",160.060877705933,273.569503781528,395.894769168272,147.702900379402,37.8630884379295,20.3503526763763,15.6615379955203,16.4067040576543,26.9674521993478,39.2259741484166,63.4471428755203,90.8003530733241,107.329221374935,276.508383551911,68.6387804979027,19.6785647508408,64.491156699087
"14.1",105.215557630365,187.133708791777,262.645376856044,110.981357357695,30.9468346945374,17.2902783248228,13.9795750534413,14.833283738509,21.2668784984854,32.5457206273285,49.2698038064754,71.7731684651626,76.4901286537203,184.998214426062,53.0728234590184,16.6932457634786,51.1962309663222
"14.13",42.9113487627879,42.1417441914767,35.0211054508303,25.8526211032528,16.452886856871,12.2999527438032,11.1855336494879,10.7613159367088,13.8107195725818,17.4130831499274,25.4802397856368,31.85243407941,23.7652487735646,40.0247328016983,18.2018202346424,11.9191897195928,24.9152523383247
"14.17",187.010480105646,238.516210345487,294.5037587753,163.734243032906,57.1593584785349,24.76688541691,18.9412241364237,21.6309575861685,32.8969324061007,60.1727418971416,95.4534860412772,141.765771916718,111.379337511551,240.010149742144,81.886828976117,24.4897047095643,99.1306666183789
"14.2",111.074828292992,189.058527524323,267.88150857825,110.712137813215,31.5990265551713,17.5121993688337,13.8970764595423,15.2959247599666,22.6519936910975,35.5952384584351,51.5791202324939,81.397638234134,79.0212683307045,189.338288131855,53.2744545790733,17.2816649702021,56.1906656416877
"14.27",97.3847694679327,89.5240077944334,90.3918756530102,60.1751119693805,24.6676155343709,15.9062507458848,12.3494296190109,12.8177242348927,19.3692952712753,33.7311164796029,53.0736349646256,80.9051930601575,49.1913353995481,92.4335509717921,33.5829927498787,14.8454830417263,55.9033148347954
"14.3",36.0618201947021,34.0022015313625,32.0630274213409,22.6490205528498,15.2865557485008,11.6324696127701,10.7039865872908,10.6955383915567,13.4516551736021,19.1724536947155,26.5987356158352,36.6087362257099,22.4105167291864,34.0423497158019,16.5226819713736,11.6170600508165,27.4599751787535
"14.33",172.489960008339,277.188966928369,349.150092587929,180.306079673944,43.2372455422789,21.0407347795498,16.3650722533661,17.1701669385294,28.0033417924427,50.8512288869808,78.6126404971561,128.785197686321,113.600060631267,266.276339841546,81.5280199985909,20.5128603281127,86.0830223568193
"14.38",127.721660851088,136.291294385176,151.252000743614,74.5254061453587,27.1773344015716,16.7493714118298,15.3285750184991,15.1452407216542,24.5644380407143,36.4156358566771,60.0815391751135,91.1784614035351,64.702579846236,138.421651993293,39.4840373195867,18.3460845936226,62.5585454784419
"15.17",111.945612280823,156.714133728597,203.533319339217,113.22633596279,37.828525356249,21.3018726392776,16.766419304868,18.0564621129562,24.9584992002927,41.4060628327336,64.5717325359995,88.1307451174271,74.869976700936,157.397688449546,57.4522446527721,19.9271268727056,64.7028468287201
"15.57",135.943573561649,242.71943303095,295.365648324963,151.979924304709,34.2367575103657,16.2221748806619,14.3624090346327,15.6369194291713,21.9731423992866,34.2269711625529,46.7681822361645,83.8754629111747,91.1092165655234,224.676218305854,67.4796188985788,17.3241569543636,54.9568721032974
"15.67",190.388617315595,198.98180988673,211.029787261083,117.698463822928,42.0556286887454,19.3795665398656,17.4665476181714,17.777768433224,31.0448875422818,54.727037272823,86.7044663756946,138.191078203191,93.7871382466943,200.133404821136,59.7112196838463,22.0964011978924,93.2075272839027
"15.97",162.863053588957,215.410706544717,250.153220089617,146.00987581072,45.2897999707435,22.8021542936674,18.3032561481655,18.9164734583985,29.563409649488,52.4772309814697,90.4498204187818,145.932510818524,99.8476259811041,209.47566007443,71.3672766917103,22.261046418684,96.2865207395917
"16.07",153.725856976593,282.169858749653,399.604465150398,175.173883063829,38.864506227805,18.8447678510739,15.9896653583848,16.1041298800456,23.801188085416,41.5549646401454,62.6920249236488,103.382533297475,110.992320350372,278.500060292215,77.6277190475693,18.6316611079488,69.2098409537564
"16.12",123.822246096086,123.680530044319,128.650773403786,104.505793900299,50.2985312126408,24.0866516915753,17.8068069434427,19.519554224716,28.2955577846464,50.5779107634256,85.3439861085171,112.834654421492,72.4519163829121,125.38451651473,59.6303256015052,21.8739729842684,82.9188504311449
"16.18",163.231580492693,299.542456717546,419.233451091528,151.005494315643,43.8301100116625,21.1345659578656,16.5166630544131,19.18324033121,30.1476094823656,46.4407985903006,71.3408556911807,111.912701710891,116.126627287275,294.002496100589,71.9900567617238,21.9491709559962,76.5647853307907
"16.22",126.099616765454,178.032051406581,224.934137371893,134.948552260654,49.4549483616141,23.6697003947938,18.3076191457373,20.1758430778582,27.1038437178588,46.2983000851237,79.4502364312741,100.84190596703,85.7763962488227,176.355268514643,69.3577336723541,21.8624353138181,75.530147494476
"16.27",153.895263123677,204.373887911452,242.302357505427,131.925244905173,43.9734296182982,21.9992970655447,18.1741774612486,19.6491602764375,28.2737015919608,45.9189739586317,81.6977085475389,110.53549473906,91.8932247253707,200.190502846852,65.9659905296719,22.0323464432157,79.3840590817434
"16.31",120.306551835642,150.543585203313,135.735897308291,99.9527094768648,44.3402347481335,22.1378515712075,16.2909165554935,18.2805540468455,25.8154866668731,41.8831694663128,73.739392812257,92.9341403715418,70.163374171898,135.528678115749,55.4769319320686,20.128985756404,69.5189008833705
"16.38",137.958472404871,163.299890030677,223.653658253694,121.681999538289,42.249298146179,21.387993142369,19.0705368005175,20.4688064505433,29.2804791262651,48.4582652893449,79.1611939683816,110.651222492105,84.7768179702696,174.970673563081,61.7730969422788,22.939940792442,79.4235605832772
"16.41",121.380772640129,117.569483519969,115.389570329432,85.6234065686416,38.135319823938,22.145377418562,16.0434252508309,17.5559842580685,27.237612461745,46.856437613673,70.8587875793068,105.7372744926,65.3777876630746,118.11327549651,48.6347012703805,20.2790073235481,74.48416656186
"16.48",74.7049527008414,81.5560370378134,103.88708338561,47.0076922407481,19.129051097404,13.8631468272507,12.6016647464609,12.5761699274295,16.8900322490384,21.996017762682,38.2996115743986,56.0272194578509,41.544889917294,86.7160243747548,26.6666300551343,14.0226223076429,38.7742829316438
"16.51",160.734323709006,174.727101547191,186.207389413918,109.177233712081,36.8040816943466,22.0934683862893,18.1195807444293,18.417857842508,30.1998420839672,48.1712836673715,72.8142446258787,114.963803125463,82.7025175460375,173.889604890038,56.0249279309055,22.2457602236348,78.649777139571
"16.68",154.929057391387,252.26496942142,324.692844785234,173.206313597536,41.5916352214497,20.6274264932737,15.935139015422,16.1765866070184,25.8258060605636,42.7086718287119,66.9467331205105,110.625998135962,103.794265139874,243.962290532681,78.4751251040864,19.3125105610013,73.4271343617282
"16.78",177.786013575743,292.357478915053,415.967625087381,163.826558124471,41.1592449764799,21.55887401738,17.3206494021881,17.9752726283835,30.2962087401099,45.1523372948584,71.1530757132722,103.654187258443,116.517293811147,295.370372526059,75.514892372777,21.8640435902272,73.3198667555247
"17.01",162.57951206277,262.425436028229,333.072602402394,180.871438192608,45.4621898947362,21.4414178516127,16.5658704296466,17.8142215876112,27.6901182965925,45.8650537555021,69.7000502100403,114.099158605037,108.132255776398,252.692516831131,82.5916819796522,20.6900701046168,76.5547541901933
"17.18",219.21097947242,360.721023557541,478.033094101187,238.227825436644,45.7402169156761,22.384196112817,19.4465649176758,19.5827594480721,33.3045301584765,60.7346355219278,93.720145146261,167.18695641636,146.524410600422,352.655032377049,102.117412821712,24.1112848414081,107.213912361516
"17.31",219.641760651932,383.328505041785,508.268594564914,210.789688257041,49.0666987971187,23.3217831723201,19.6230111313454,20.2353998019023,32.889053341204,52.8233294494789,82.7725735648189,143.461121428765,145.518459933552,370.412953419544,94.3927234088266,24.2491547581505,93.0190081476875
