stations	Aand	Atax	Btep	Bspo	Iacu	Ipal	Ipar	Ipat	Isph	Istr	Ipli	Ivel	Ijap	Lmac	Mcho	Nlab	Nrig	Ocen	Oisr	Ojan	Olon	Ogig	Pzoh	Pret	Smem	Sdel	Selo	Sram	Sbel	Sben	Sbul	Slaz	Smir	Sgra	Spac	Sspp	Tpel	Pdal	Stri	Imin	Imic	Ibre	Ekar	Bspp	Dubr	Peri	Lspp	Snep	Xxan	Squa	Pnud	Tapp	Tvar	Vcal	Vspi	Pame	Qcon	Psch	Parc	Pkof	Gymn	Eacu	Egra	Edel	Etra	Espp	Sste	Sbif	Cysa	Tvan	Dcha
0.1	0	0	3.2	0	0	9.5	0	0	0	0	0	0	0	0	0	19.1	0	800	0	0	0	0	0	0	0	0	12.7	9.5	0	0	0	0	9.5	0	0	0	0	0	0	85.7	0	0	0	44.4	0	0	0	0	0	6.4	0	0	0	0	0	0	0	0	0	0	0	0	0	0	0	0	0	0	0	0	0
0.14	0	0	1.4	0	0	5.8	0	0	0	0	0	0	0	0	0	39	0	884.6	0	0	0	0	0	0	0	0	13	8.7	0	0	0	0	1.4	0	0	0	0	2.9	0	27.4	0	0	0	14.4	0	0	0	0	0	0	0	1.4	0	0	0	0	0	0	0	0	0	0	0	0	0	0	0	0	0	0	0
0.18	0	0	0	0	0	0	0	0	4.8995100489951	0	0	0	0	0	0	14.5985401459854	0	863.313668633137	0	0	0	0	0	0	0	0	9.7990200979902	4.8995100489951	0	0	0	0	0	0	0	0	0	0	0	68.2931706829317	0	0	0	34.1965803419658	0	0	0	0	0	0	0	0	0	0	0	0	0	0	0	0	0	0	0	0	0	0	0	0	0	0	0
0.22	0	0	0	0	0	0	0	0	0	0	0	0	0	0	0	68.1931806819318	0	715.128487151285	0	0	0	0	0	0	0	0	22.6977302269773	9.0990900909909	0	0	0	0	1.4998500149985	0	0	2.999700029997	0	4.5995400459954	0	57.5942405759424	1.4998500149985	0	0	116.688331166883	0	0	0	0	0	0	0	0	0	0	0	0	0	0	0	0	0	0	0	0	0	0	0	0	0	0	0
0.26	0	0	7.5992400759924	0	0	3.7996200379962	0	0	0	0	0	0	0	0	0	22.5977402259774	0	784.821517848215	0	0	0	0	0	0	0	0	22.5977402259774	15.0984901509849	0	0	0	0	0	0	0	7.5992400759924	0	0	0	113.188681131887	0	0	0	18.8981101889811	0	0	0	0	0	0	0	0	0	0	0	0	0	3.7996200379962	0	0	0	0	0	0	0	0	0	0	0	0	0
0.3	0	0	0	0	0	5.3994600539946	0	0	5.3994600539946	0	0	0	0	0	0	61.7938206179382	0	792.920707929207	0	0	0	0	0	0	0	0	8.0991900809919	2.6997300269973	0	0	0	0	0	0	0	0	0	10.7989201079892	0	83.2916708329167	0	0	0	18.7981201879812	0	0	0	2.6997300269973	0	0	0	8.0991900809919	0	0	0	0	0	0	0	0	0	0	0	0	0	0	0	0	0	0	0
0.34	0	0	0	0	0	2.8002800280028	0	0	0	0	0	0	0	0	0	35.7035703570357	0	914.891489148915	0	0	0	0	0	0	0	0	13.7013701370137	5.5005500550055	0	0	0	0	0	0	0	0	0	0	0	19.2019201920192	0	0	0	8.2008200820082	0	0	0	0	0	0	0	0	0	0	0	0	0	0	0	0	0	0	0	0	0	0	0	0	0	0	0
0.38	0	2.0997900209979	0	0	0	8.4991500849915	0	0	2.0997900209979	0	0	0	0	0	0	61.2938706129387	0	854.014598540146	0	0	0	0	0	0	0	0	10.5989401059894	8.4991500849915	0	0	0	0	0	0	0	2.0997900209979	0	0	0	38.0961903809619	0	0	0	10.5989401059894	0	0	0	0	0	0	0	2.0997900209979	0	0	0	0	0	0	0	0	0	0	0	0	0	0	0	0	0	0	0
0.42	0	0	0	0	0	15.6984301569843	0	0	0	0	0	0	0	0	0	29.0970902909709	0	827.617238276172	0	0	0	0	0	0	0	0	15.6984301569843	8.999100089991	0	0	0	0	0	0	0	2.1997800219978	0	8.999100089991	0	71.5928407159284	2.1997800219978	0	0	17.8982101789821	0	0	0	0	0	0	0	0	0	0	0	0	0	0	0	0	0	0	0	0	0	0	0	0	0	0	0
0.46	0	0	1.99940017994602	0	0	1.99940017994602	0	0	5.89823053084075	0	0	0	0	0	0	13.6958912326302	0	888.633409977007	0	0	0	0	0	0	0	0	17.4947515745276	5.89823053084075	0	0	0	0	0	0	0	0	0	0	0	38.9883035089473	0	0	0	23.3929821053684	0	0	0	0	0	1.99940017994602	0	0	0	0	0	0	0	0	0	0	0	0	0	0	0	0	0	0	0	0	0
0.5	0	0	2.3997600239976	0	0	4.6995300469953	0	0	0	0	0	0	0	0	0	49.3950604939506	0	799.9200079992	0	0	0	0	0	0	0	0	18.7981201879812	14.0985901409859	0	0	0	0	0	0	0	2.3997600239976	0	9.3990600939906	0	75.2924707529247	0	0	0	21.1978802119788	0	0	0	0	0	0	0	2.3997600239976	0	0	0	0	0	0	0	0	0	0	0	0	0	0	0	0	0	0	0
0.54	0	0	0	0	0	7.3	0	0	0	0	0	0	0	0	0	50.7	0	888.9	0	0	0	0	0	0	0	0	2.4	2.4	0	0	0	0	0	0	0	0	0	4.8	0	19.3	0	0	0	24.2	0	0	0	0	0	0	0	0	0	0	0	0	0	0	0	0	0	0	0	0	0	0	0	0	0	0	0
0.58	0	0	0	0	0	17.7017701770177	0	0	10.1010101010101	0	0	0	0	0	0	58.2058205820582	0	779.87798779878	0	0	0	0	0	0	0	0	10.1010101010101	10.1010101010101	0	0	0	0	0	0	0	0	0	15.2015201520152	0	81.008100810081	0	0	0	17.7017701770177	0	0	0	0	0	0	0	0	0	0	0	0	0	0	0	0	0	0	0	0	0	0	0	0	0	0	0
0.62	0	0	0	0	0	4.3	0	0	0	0	0	0	0	0	0	62.2	0	755.4	0	0	0	0	0	0	0	0	10.7	4.3	0	0	0	0	6.4	0	0	4.3	0	10.7	0	68.7	0	0	0	73	0	0	0	0	0	0	0	0	0	0	0	0	0	0	0	0	0	0	0	0	0	0	0	0	0	0	0
0.66	0	0	6.000600060006	0	0	16.001600160016	0	0	2.000200020002	0	0	0	0	0	0	68.1068106810681	0	737.573757375738	0	0	0	0	0	0	0	0	30.1030103010301	14.001400140014	0	0	0	0	6.000600060006	0	0	8.000800080008	0	18.001800180018	0	74.2074207420742	0	0	0	20.00200020002	0	0	0	0	0	0	0	0	0	0	0	0	0	0	0	0	0	0	0	0	0	0	0	0	0	0	0
0.7	0	0	0	0	0	7.0992900709929	0	0	0	0	0	0	0	0	0	70.8929107089291	0	817.318268173183	0	0	0	0	0	0	0	0	17.6982301769823	23.0976902309769	0	0	0	0	1.7998200179982	0	0	0	0	1.7998200179982	0	31.8968103189681	0	0	0	24.7975202479752	0	0	0	1.7998200179982	0	0	0	1.7998200179982	0	0	0	0	0	0	0	0	0	0	0	0	0	0	0	0	0	0	0
0.74	0	0	0	0	0	11.1011101110111	0	0	0	0	0	0	0	0	0	28.9028902890289	0	817.881788178818	0	0	0	0	0	0	0	0	33.3033303330333	8.9008900890089	0	0	0	0	0	0	0	2.2002200220022	0	11.1011101110111	0	51.1051105110511	0	0	0	31.1031103110311	0	0	0	0	0	0	0	4.4004400440044	0	0	0	0	0	0	0	0	0	0	0	0	0	0	0	0	0	0	0
0.78	0	0	2.6997300269973	0	0	2.6997300269973	0	0	0	0	0	0	0	0	0	45.2954704529547	0	815.918408159184	0	0	0	0	0	0	0	0	23.997600239976	31.996800319968	0	0	0	0	0	0	0	2.6997300269973	0	2.6997300269973	0	39.99600039996	0	0	0	29.2970702929707	0	0	0	0	0	0	0	2.6997300269973	0	0	0	0	0	0	0	0	0	0	0	0	0	0	0	0	0	0	0
0.82	0	0	2.6994601079784	0	0	0	0	0	10.8978204359128	0	0	0	0	0	0	27.2945410917816	0	814.537092581484	0	0	0	0	0	0	0	0	21.7956408718256	5.49890021995601	0	0	0	0	0	0	0	5.49890021995601	0	19.0961807638472	0	49.0901819636073	0	0	0	43.5912817436513	0	0	0	0	0	0	0	0	0	0	0	0	0	0	0	0	0	0	0	0	0	0	0	0	0	0	0
0.86	0	0	0	0	0	0	0	0	0	0	0	0	0	0	0	71.0928907109289	0	770.02299770023	0	0	0	0	0	0	0	0	11.8988101189881	28.3971602839716	0	0	0	0	0	0	0	0	0	2.3997600239976	0	66.3933606639336	0	0	0	49.7950204979502	0	0	0	0	0	0	0	0	0	0	0	0	0	0	0	0	0	0	0	0	0	0	0	0	0	0	0
0.9	0	0	0	0	0	0	0	0	2.7997200279972	0	0	0	0	0	0	41.2958704129587	0	705.129487051295	0	0	0	0	0	0	0	0	30.2969703029697	8.2991700829917	0	0	0	0	0	0	0	0	0	2.7997200279972	0	190.08099190081	0	0	0	19.2980701929807	0	0	0	0	0	0	0	0	0	0	0	0	0	0	0	0	0	0	0	0	0	0	0	0	0	0	0
0.94	0	0	2	0	0	10.1	0	0	0	0	0	0	0	0	0	79.1	0	778.9	0	0	0	0	0	0	0	0	34.5	20.3	0	0	0	0	0	0	0	0	0	0	0	48.7	0	0	0	26.4	0	0	0	0	0	0	0	0	0	0	0	0	0	0	0	0	0	0	0	0	0	0	0	0	0	0	0
0.98	0	0	0	0	0	8.2008200820082	0	0	2.7002700270027	0	0	0	0	0	0	82.008200820082	0	735.073507350735	0	0	0	0	0	0	0	0	19.1019101910191	24.6024602460246	0	0	0	0	0	0	0	2.7002700270027	0	10.9010901090109	0	87.4087408740874	0	0	0	27.3027302730273	0	0	0	0	0	0	0	0	0	0	0	0	0	0	0	0	0	0	0	0	0	0	0	0	0	0	0
1.02	0	0	0	0	0	4.7995200479952	0	0	0	0	0	0	0	0	0	40.4959504049595	0	861.813818618138	0	0	0	0	0	0	0	0	38.0961903809619	16.6983301669833	0	0	0	0	2.3997600239976	0	0	0	0	7.0992900709929	0	19.0980901909809	0	0	0	9.4990500949905	0	0	0	0	0	0	0	0	0	0	0	0	0	0	0	0	0	0	0	0	0	0	0	0	0	0	0
1.06	0	0	0	0	0	6.3	0	0	0	0	0	0	0	0	0	47.2	0	676.1	0	0	0	0	0	0	0	0	15.7	22	0	0	0	0	0	0	0	0	0	31.5	0	160.4	0	0	0	37.7	0	0	0	0	0	3.1	0	0	0	0	0	0	0	0	0	0	0	0	0	0	0	0	0	0	0	0	0
1.1	0	2.6997300269973	0	0	0	10.6989301069893	0	0	2.6997300269973	0	0	0	0	0	0	58.7941205879412	0	740.525947405259	0	0	0	0	0	0	0	0	34.7965203479652	7.999200079992	0	0	0	0	2.6997300269973	0	0	10.6989301069893	0	7.999200079992	0	85.5914408559144	0	0	0	34.7965203479652	0	0	0	0	0	0	0	0	0	0	0	0	0	0	0	0	0	0	0	0	0	0	0	0	0	0	0
1.14	0	0	2.7994401119776	0	0	2.7994401119776	0	0	2.7994401119776	0	0	0	0	0	0	60.7878424315137	0	734.653069386123	0	0	0	0	0	0	0	0	44.1911617676465	8.29834033193361	0	0	0	0	0	0	0	0	0	16.5966806638672	0	115.976804639072	0	0	0	11.0977804439112	0	0	0	0	0	0	0	0	0	0	0	0	0	0	0	0	0	0	0	0	0	0	0	0	0	0	0
1.18	0	0	6.3	0	0	4.2	0	0	4.2	0	0	0	0	0	0	90.5	0	715.8	0	0	0	0	0	0	0	0	23.2	35.8	0	0	0	0	2.1	0	0	0	0	6.3	0	88.4	0	0	0	23.2	0	0	0	0	0	0	0	0	0	0	0	0	0	0	0	0	0	0	0	0	0	0	0	0	0	0	0
1.22	0	1.8	3.6	0	0	0	0	0	0	0	0	0	0	0	0	98.7	0	693	0	0	0	0	0	0	0	0	32.3	10.8	0	0	0	0	3.6	0	0	3.6	0	0	0	129.3	0	0	0	23.3	0	0	0	0	0	0	0	0	0	0	0	0	0	0	0	0	0	0	0	0	0	0	0	0	0	0	0
1.26	0	0	0	0	0	17.5017501750175	0	0	0	0	0	0	0	0	0	147.914791479148	0	679.267926792679	0	0	0	0	0	0	0	0	12.5012501250125	5.000500050005	0	0	0	0	2.5002500250025	0	0	2.5002500250025	0	7.5007500750075	0	85.2085208520852	0	0	0	40.1040104010401	0	0	0	0	0	0	0	0	0	0	0	0	0	0	0	0	0	0	0	0	0	0	0	0	0	0	0
1.3	0	0	0	0	0	10.2979404119176	0	0	5.19896020795841	0	0	0	0	0	0	105.678864227155	0	731.853629274145	0	0	0	0	0	0	0	0	38.6922615476905	5.19896020795841	0	0	0	0	2.5994801039792	0	0	7.69846030793841	0	2.5994801039792	0	74.6850629874025	0	0	0	10.2979404119176	0	0	0	0	0	2.5994801039792	0	0	0	0	0	0	0	0	2.5994801039792	0	0	0	0	0	0	0	0	0	0	0	0
1.34	0	0	0	0	0	11.2977404519096	0	0	2.2995400919816	0	0	0	0	0	0	180.963807238552	0	662.767446510698	0	0	0	0	0	0	0	0	29.3941211757648	31.6936612677464	0	0	0	0	2.2995400919816	0	0	2.2995400919816	0	13.5972805438912	0	33.8932213557288	0	0	0	24.8950209958008	0	0	0	0	0	0	0	2.2995400919816	0	0	0	0	0	2.2995400919816	0	0	0	0	0	0	0	0	0	0	0	0	0
1.38	0	0	2.89884046381447	0	2.89884046381447	2.89884046381447	0	0	0	0	0	0	0	0	0	156.637345061975	0	697.720911635346	0	0	0	0	0	0	0	0	22.7908836465414	14.2942822870852	0	0	0	0	2.89884046381447	0	0	0	0	2.89884046381447	0	85.4658136745302	0	0	0	5.69772091163535	0	0	0	0	0	0	0	2.89884046381447	0	0	0	0	0	0	0	0	0	0	0	0	0	0	0	0	0	0	0
1.42	0	0	0	0	0	10.3989601039896	0	2.5997400259974	0	0	0	0	0	0	0	186.981301869813	0	709.029097090291	0	0	0	0	0	0	0	0	7.7992200779922	20.7979202079792	0	0	0	0	5.1994800519948	0	0	0	0	0	0	28.5971402859714	0	0	0	28.5971402859714	0	0	0	0	0	0	0	0	0	0	0	0	0	0	0	0	0	0	0	0	0	0	0	0	0	0	0
1.46	0	0	2.4002400240024	0	0	17.1017101710171	0	0	7.3007300730073	0	0	0	0	0	0	183.418341834183	0	672.467246724672	0	0	0	0	0	0	0	0	22.002200220022	19.6019601960196	0	0	0	0	2.4002400240024	0	0	4.9004900490049	0	7.3007300730073	0	44.004400440044	0	0	0	17.1017101710171	0	0	0	0	0	0	0	0	0	0	0	0	0	0	0	0	0	0	0	0	0	0	0	0	0	0	0
1.5	0	0	2.5997400259974	0	0	10.3989601039896	0	0	0	0	0	0	0	0	0	304.669533046695	0	481.751824817518	0	0	0	0	0	0	0	0	41.6958304169583	28.6971302869713	0	0	0	0	5.1994800519948	0	0	7.7992200779922	0	2.5997400259974	0	28.6971302869713	0	0	0	83.2916708329167	0	0	0	0	0	0	0	2.5997400259974	0	0	0	0	0	0	0	0	0	0	0	0	0	0	0	0	0	0	0
1.54	0	0	4.2004200420042	0	0	0	0	0	4.2004200420042	0	0	0	0	0	0	296.629662966297	0	470.34703470347	0	0	0	0	0	0	0	0	46.6046604660466	21.2021202120212	0	0	0	0	0	0	0	8.5008500850085	0	25.4025402540254	0	110.21102110211	0	0	0	12.7012701270127	0	0	0	0	0	0	0	0	0	0	0	0	0	0	0	0	0	0	0	0	0	0	0	0	0	0	0
1.58	0	2.8002800280028	0	0	0	22.5022502250225	0	0	2.8002800280028	0	0	0	0	0	0	281.728172817282	0	442.344234423442	0	0	0	0	0	0	0	0	19.7019701970197	31.003100310031	0	0	0	0	0	0	0	2.8002800280028	0	2.8002800280028	0	73.2073207320732	0	0	2.8002800280028	115.511551155116	0	0	0	0	0	0	0	0	0	0	0	0	0	0	0	0	0	0	0	0	0	0	0	0	0	0	0
1.62	0	0	0	0	0	6.5	0	0	3.3	0	0	0	0	0	0	396.1	0	438.3	0	0	0	0	0	0	0	0	29.2	16.2	0	0	0	0	0	0	0	16.2	0	6.5	0	52	0	0	0	35.7	0	0	0	0	0	0	0	0	0	0	0	0	0	0	0	0	0	0	0	0	0	0	0	0	0	0	0
1.65	0	0	0	0	0	8.5991400859914	0	0	2.8997100289971	0	0	0	0	0	0	485.551444855514	0	390.760923907609	0	0	0	0	0	0	0	0	45.995400459954	22.997700229977	0	0	0	0	2.8997100289971	0	0	5.7994200579942	0	2.8997100289971	0	22.997700229977	0	0	0	8.5991400859914	0	0	0	0	0	0	0	0	0	0	0	0	0	0	0	0	0	0	0	0	0	0	0	0	0	0	0
1.7	0	2.999700029997	5.999400059994	0	0	5.999400059994	0	0	5.999400059994	0	0	0	0	0	0	332.266773322668	0	338.266173382662	0	0	0	0	0	0	0	0	56.8943105689431	11.998800119988	0	0	0	0	0	0	0	11.998800119988	0	11.998800119988	0	164.683531646835	0	0	0	50.8949105089491	0	0	0	0	0	0	0	0	0	0	0	0	0	0	0	0	0	0	0	0	0	0	0	0	0	0	0
1.74	0	0	0	0	0	18.998100189981	0	0	8.1991800819918	0	0	0	0	0	0	328.767123287671	0	326.067393260674	0	0	0	0	0	0	0	0	37.996200379962	13.5986401359864	0	0	0	0	2.6997300269973	0	0	8.1991800819918	0	29.8970102989701	0	190.18098190181	8.1991800819918	0	0	24.4975502449755	0	0	0	0	0	0	0	2.6997300269973	0	0	0	0	0	0	0	0	0	0	0	0	0	0	0	0	0	0	0
1.78	0	8.1008100810081	0	0	0	21.7021702170217	0	0	5.4005400540054	0	0	0	0	0	0	227.622762276228	0	287.328732873287	0	0	0	0	0	0	0	0	70.5070507050705	37.9037903790379	0	0	0	0	2.7002700270027	0	0	13.6013601360136	0	8.1008100810081	0	252.025202520252	0	0	0	65.006500650065	0	0	0	0	0	0	0	0	0	0	0	0	0	0	0	0	0	0	0	0	0	0	0	0	0	0	0
1.82	0	0	0	0	0	28.9	0	0	0	0	0	0	0	2.6	0	249.3	0	320.2	0	0	0	0	0	0	0	0	76.1	34.1	0	0	0	0	7.9	0	0	7.9	0	10.5	0	220.5	0	0	0	42	0	0	0	0	0	0	0	0	0	0	0	0	0	0	0	0	0	0	0	0	0	0	0	0	0	0	0
1.86	0	0	4.9004900490049	0	0	4.9004900490049	0	0	0	0	0	0	0	0	0	294.129412941294	0	333.333333333333	0	0	0	0	0	0	0	0	29.4029402940294	0	0	0	0	0	0	0	0	24.5024502450245	0	14.7014701470147	0	240.22402240224	0	0	0	53.9053905390539	0	0	0	0	0	0	0	0	0	0	0	0	0	0	0	0	0	0	0	0	0	0	0	0	0	0	0
1.9	0	0	2.5	0	0	7.6	0	0	2.5	0	0	0	0	2.5	0	338.4	0	292.9	0	0	0	0	0	0	0	0	45.5	45.5	0	0	0	0	10.1	0	0	7.6	0	30.3	0	159.1	0	0	0	53	0	0	0	0	0	2.5	0	0	0	0	0	0	0	0	0	0	0	0	0	0	0	0	0	0	0	0	0
1.94	0	0	0	0	0	32.4935012997401	0	0	8.09838032393521	0	0	0	0	0	0	284.543091381724	0	211.357728454309	0	0	0	0	0	0	0	0	48.7902419516097	16.2967406518696	0	0	0	0	0	0	0	16.2967406518696	0	24.3951209758048	0	317.036592681464	0	0	0	40.6918616276745	0	0	0	0	0	0	0	0	0	0	0	0	0	0	0	0	0	0	0	0	0	0	0	0	0	0	0
1.98	0	0	0	0	0	13.1341487868458	0	0	2.60677762181672	0	0	0	0	0	0	366.452777220774	0	233.00581511931	0	0	0	0	0	0	0	0	107.379185883297	52.3360737918588	0	0	0	0	15.7409264086625	0	0	0	0	10.4271104872669	0	154.501704431522	0	0	0	28.7748145177461	0	0	0	2.60677762181672	0	2.60677762181672	0	10.4271104872669	0	0	0	0	0	0	0	0	0	0	0	0	0	0	0	0	0	0	0
2.02	0	7.4992500749925	3.7996200379962	0	0	18.6981301869813	0	0	0	0	0	0	0	0	0	314.568543145685	0	213.478652134787	0	0	0	0	0	0	0	0	123.587641235876	22.4977502249775	0	0	0	0	0	0	0	7.4992500749925	0	29.99700029997	0	194.780521947805	11.1988801119888	0	0	52.3947605239476	0	0	0	0	0	0	0	0	0	0	0	0	0	0	0	0	0	0	0	0	0	0	0	0	0	0	0
2.06	0	0	4.8995100489951	0	0	24.5975402459754	0	2.4997500249975	14.7985201479852	0	0	0	0	0	0	413.758624137586	0	209.379062093791	0	0	0	0	0	0	0	0	34.4965503449655	51.6948305169483	0	0	0	0	17.1982801719828	0	0	9.8990100989901	0	12.2987701229877	0	160.08399160084	0	0	0	39.3960603939606	0	0	0	0	0	0	0	2.4997500249975	0	0	0	0	2.4997500249975	0	0	0	0	0	0	0	0	0	0	0	0	0	0
2.1	0	0	7.59848030393921	0	0	37.8924215156969	0	0	15.1969606078784	0	0	0	0	0	0	409.018196360728	0	166.666666666667	0	0	0	0	0	0	0	0	52.9894021195761	37.8924215156969	0	0	0	0	0	0	0	15.1969606078784	0	37.8924215156969	0	174.165166966607	0	0	0	45.4909018196361	0	0	0	0	0	0	0	0	0	0	0	0	0	0	0	0	0	0	0	0	0	0	0	0	0	0	0
2.14	0	3.2	6.3	0	0	3.2	0	0	15.8	0	0	0	0	0	0	335.4	0	240.5	0	0	0	0	0	0	0	0	22.2	47.5	0	0	0	0	6.3	0	0	6.3	0	28.5	0	234.2	0	0	0	44.3	0	0	0	0	0	0	0	6.3	0	0	0	0	0	0	0	0	0	0	0	0	0	0	0	0	0	0	0
2.18	0	0	0	0	0	0	0	0	0	0	0	0	0	0	0	270	0	160	0	0	0	0	0	0	0	0	10	20	0	0	0	0	10	0	0	50	0	20	0	370	20	0	0	70	0	0	0	0	0	0	0	0	0	0	0	0	0	0	0	0	0	0	0	0	0	0	0	0	0	0	0
2.22	0	6.5	6.5	0	0	0	0	0	3.2	0	0	0	0	0	0	277.4	0	203.2	0	0	0	0	0	0	0	0	67.7	93.6	0	0	0	0	12.9	0	0	16.1	0	16.1	0	251.6	0	0	0	45.2	0	0	0	0	0	0	0	0	0	0	0	0	0	0	0	0	0	0	0	0	0	0	0	0	0	0	0
2.26	0	0	0	0	0	0	0	18.5	0	0	0	0	0	0	0	74.1	0	166.7	0	0	0	0	0	0	0	0	37	0	0	0	0	0	0	0	0	0	0	0	0	425.9	0	0	0	277.8	0	0	0	0	0	0	0	0	0	0	0	0	0	0	0	0	0	0	0	0	0	0	0	0	0	0	0
2.3	0	0	8.4991500849915	0	0	5.6994300569943	0	0	16.998300169983	0	0	0	0	2.7997200279972	0	308.769123087691	0	220.977902209779	0	0	0	0	0	0	0	0	31.1968803119688	65.1934806519348	0	0	0	0	8.4991500849915	0	0	5.6994300569943	0	19.7980201979802	0	235.076492350765	0	0	0	67.993200679932	0	0	0	2.7997200279972	0	0	0	0	0	0	0	0	0	0	0	0	0	0	0	0	0	0	0	0	0	0	0
2.34	0	0	10.4989501049895	0	0	0	0	3.4996500349965	0	0	0	0	0	0	0	297.170282971703	0	192.280771922808	0	0	0	0	0	0	0	0	52.4947505249475	34.996500349965	0	0	0	0	0	0	0	13.998600139986	0	31.4968503149685	0	269.173082691731	0	0	0	83.8916108389161	0	0	0	6.999300069993	0	0	0	3.4996500349965	0	0	0	0	0	0	0	0	0	0	0	0	0	0	0	0	0	0	0
2.38	0	0	4.000400040004	0	0	4.000400040004	0	0	12.1012101210121	0	0	0	0	0	0	165.316531653165	0	153.215321532153	0	0	0	0	0	0	0	0	36.3036303630363	64.5064506450645	0	0	0	0	8.1008100810081	0	0	8.1008100810081	0	32.3032303230323	0	475.847584758476	4.000400040004	0	0	28.2028202820282	0	0	0	4.000400040004	0	0	0	0	0	0	0	0	0	0	0	0	0	0	0	0	0	0	0	0	0	0	0
2.42	0	9.9009900990099	9.9009900990099	0	0	0	0	0	9.9009900990099	0	0	0	0	0	0	247.524752475248	0	207.920792079208	0	0	0	0	0	0	0	0	39.6039603960396	9.9009900990099	0	0	0	0	0	0	0	49.5049504950495	0	108.910891089109	0	257.425742574257	0	0	0	39.6039603960396	0	0	0	0	0	0	0	9.9009900990099	0	0	0	0	0	0	0	0	0	0	0	0	0	0	0	0	0	0	0
2.46	0	2.80814361648781	2.80814361648781	0	0	0	0	5.61628723297563	30.78928893792	0	0	0	0	0	0	235.2823187243	0	190.452311703941	0	0	0	0	0	0	0	0	25.1730017049443	27.9811453214322	0	0	0	0	0	0	0	8.42443084946344	0	8.42443084946344	0	366.96419616889	14.0407180824391	0	0	72.8111523417912	0	0	0	8.42443084946344	0	0	0	0	0	0	0	0	0	0	0	0	0	0	0	0	0	0	0	0	0	0	0
2.5	0	0	0	0	0	0	0	0	0	0	0	0	0	0	0	186.9	0	243	0	0	0	0	0	0	0	0	46.7	9.4	0	0	0	0	0	0	0	18.7	0	37.4	0	392.5	0	0	0	65.4	0	0	0	0	0	0	0	0	0	0	0	0	0	0	0	0	0	0	0	0	0	0	0	0	0	0	0
2.54	0	0	15.6422340318861	0	0	7.82111701594305	0	0	7.82111701594305	0	0	0	0	2.60703900531435	0	258.497944450015	0	127.94545272235	0	0	0	0	0	0	0	0	67.8832848691467	44.4199338213175	0	0	0	0	5.2140780106287	0	0	5.2140780106287	0	23.4633510478291	0	368.194124135165	10.4281560212574	0	0	54.848089842575	0	0	0	0	0	0	0	0	0	0	0	0	0	0	0	0	0	0	0	0	0	0	0	0	0	0	0
2.58	0	5	5	0	0	15	5	0	5	0	0	0	0	0	0	265	0	165	0	0	0	0	0	0	0	0	45	80	0	0	0	0	0	0	0	5	0	45	0	315	0	0	0	45	0	0	0	0	0	0	0	0	0	0	0	0	0	0	0	0	0	0	0	0	0	0	0	0	0	0	0
2.62	0	3.0087253033798	6.0174506067596	0	0	0	0	0	24.2703841139304	0	0	0	0	0	0	236.385518002206	0	151.539464446896	0	0	0	0	0	0	0	0	42.4230267776552	36.4055761708956	0	0	0	0	0	0	0	0	0	27.2791094173102	0	378.698224852071	42.4230267776552	0	0	51.5494935312406	0	0	0	0	0	0	0	0	0	0	0	0	0	0	0	0	0	0	0	0	0	0	0	0	0	0	0
2.66	0	0	0	0	0	14.1	0	0	14.1	0	0	0	0	0	0	162	0	147.9	0	0	0	0	0	0	0	0	56.3	70.4	0	0	0	0	0	0	0	14.1	0	21.1	0	415.5	0	0	0	77.5	0	0	0	0	0	7	0	0	0	0	0	0	0	0	0	0	0	0	0	0	0	0	0	0	0	0	0
2.7	0	0	6	0	0	0	0	0	6	0	0	0	0	0	0	241.7	0	142	0	0	0	0	0	0	0	0	24.2	33.2	0	0	0	0	6	0	0	9.1	0	36.3	0	362.5	36.3	0	0	93.7	0	0	0	0	0	0	0	3	0	0	0	0	0	0	0	0	0	0	0	0	0	0	0	0	0	0	0
2.74	0	5.40108021604321	5.40108021604321	0	0	8.10162032406481	0	0	8.10162032406481	0	0	0	0	0	0	303.560712142428	0	211.442288457692	0	0	0	0	0	0	0	0	56.9113822764553	32.5065013002601	0	0	0	0	0	0	0	8.10162032406481	0	40.7081416283257	0	249.349869973995	10.8021604320864	0	0	54.2108421684337	0	0	0	2.7005401080216	0	2.7005401080216	0	0	0	0	0	0	0	0	0	0	0	0	0	0	0	0	0	0	0	0	0
2.78	0	6.11835506519559	9.22768304914744	0	0	9.22768304914744	0	0	18.4553660982949	0	0	0	0	0	0	298.495486459378	0	147.642928786359	0	0	0	0	0	0	0	0	80.0401203610833	24.5737211634905	0	0	0	0	3.10932798395186	0	0	3.10932798395186	0	27.6830491474423	0	301.504513540622	9.22768304914744	0	0	58.4754262788365	0	0	0	0	0	0	0	3.10932798395186	0	0	0	0	0	0	0	0	0	0	0	0	0	0	0	0	0	0	0
2.82	0	0	0	0	0	8.7	0	0	17.5	0	0	0	0	0	0	362.5	0	152.8	0	0	0	0	0	0	0	0	69.9	26.2	0	0	0	0	0	0	0	0	0	52.4	0	231.4	0	0	0	78.6	0	0	0	0	0	0	0	0	0	0	0	0	0	0	0	0	0	0	0	0	0	0	0	0	0	0	0
2.9	0	0	0	0	0	0	0	0	12.6974605078984	0	0	0	0	0	0	430.313937212558	0	316.436712657468	0	0	0	0	0	0	0	0	25.2949410117976	12.6974605078984	0	0	0	0	0	0	0	12.6974605078984	0	0	0	126.574685062987	0	0	0	63.2873425314937	0	0	0	0	0	0	0	0	0	0	0	0	0	0	0	0	0	0	0	0	0	0	0	0	0	0	0
2.98	0	0	0	0	0	0	0	0	19.2	0	0	0	0	0	0	355.8	0	76.9	0	0	0	0	0	0	0	0	86.5	28.9	0	0	0	0	0	0	0	19.2	0	48.1	0	221.2	0	0	0	125	0	0	0	9.6	0	0	0	9.6	0	0	0	0	0	0	0	0	0	0	0	0	0	0	0	0	0	0	0
3.06	0	0	0	0	0	0	0	0	8.42189693202326	0	0	0	0	2.80729897734109	0	515.339883697614	0	100.862241828755	0	0	0	0	0	0	0	0	22.4583918187287	2.80729897734109	0	0	0	0	2.80729897734109	0	0	0	0	0	0	299.679165831161	0	0	0	42.0092239823541	0	0	0	2.80729897734109	0	0	0	0	0	0	0	0	0	0	0	0	0	0	0	0	0	0	0	0	0	0	0
3.14	0	0	7.5	0	0	0	0	0	0	0	0	0	0	0	0	349.6	0	101.5	0	0	0	0	0	0	0	0	7.5	7.5	0	0	0	0	7.5	0	0	7.5	0	3.8	0	413.5	0	0	0	86.5	0	0	0	3.8	0	0	0	0	0	0	0	0	0	3.8	0	0	0	0	0	0	0	0	0	0	0	0	0
