stations	Aand	Atax	Btep	Bspo	Iacu	Ipal	Ipar	Ipat	Isph	Istr	Ipli	Ivel	Ijap	Lmac	Mcho	Nlab	Nrig	Ocen	Oisr	Ojan	Olon	Ogig	Pzoh	Pret	Smem	Sdel	Selo	Sram	Sbel	Sben	Sbul	Slaz	Smir	Sgra	Spac	Sspp	Tpel	Pdal	Stri	Imin	Imic	Ibre	Ekar	Bspp	Dubr	Peri	Lspp	Snep	Xxan	Squa	Pnud	Tapp	Tvar	Vcal	Vspi	Pame	Qcon	Psch	Parc	Pkof	Gymn	Eacu	Egra	Edel	Etra	Espp	Sste	Sbif	Cysa	Tvan	Dcha
0.04	0	0	0	0	8.7	13	4.3	4.3	2.2	0	0	0	0	0	0	67.1	0	558.4	0	0	0	0	0	0	0	0	28.1	6.5	0	0	0	0	4.3	0	0	13	0	151.5	0	2.2	0	0	0	134.2	0	0	0	0	0	2.2	0	0	0	0	0	0	0	0	0	0	0	0	0	0	0	0	0	0	0	0	0
0.08	0	0	0	0	2.5997400259974	2.5997400259974	0	10.1989801019898	0	0	0	0	0	0	0	58.7941205879412	0	498.650134986501	0	0	0	0	0	0	0	0	15.2984701529847	5.0994900509949	0	0	0	0	2.5997400259974	0	0	7.6992300769923	0	240.37596240376	0	0	0	0	0	153.484651534847	0	0	0	0	0	0	0	0	0	0	0	0	0	2.5997400259974	0	0	0	0	0	0	0	0	0	0	0	0	0
0.13	0	1.99940017994602	9.79706088173548	0	0	1.99940017994602	0	3.89883035089473	7.89763071078676	0	0	0	0	0	0	47.185844246726	0	677.596720983705	0	0	0	0	0	0	0	0	15.6952914125762	5.89823053084075	0	0	0	0	1.99940017994602	0	0	7.89763071078676	0	68.779366190143	0	1.99940017994602	0	0	0	145.356393082075	0	0	0	0	0	0	0	1.99940017994602	0	0	0	0	0	0	0	0	0	0	0	0	0	0	0	0	0	0	0
0.18	0	0	14.7029405881176	0	0	11.8023604720944	0	5.90118023604721	8.80176035207042	0	0	0	0	0	0	108.821764352871	0	444.188837767554	0	0	0	0	0	0	5.90118023604721	0	5.90118023604721	2.9005801160232	0	0	0	0	2.9005801160232	0	0	8.80176035207042	0	252.950590118024	0	0	0	0	0	117.623524704941	0	0	0	0	0	2.9005801160232	0	0	0	0	0	0	0	5.90118023604721	0	0	0	0	0	0	0	0	0	0	0	0	0
0.23	0	3.09938012397521	6.29874025194961	0	0	9.39812037592482	3.09938012397521	3.09938012397521	15.5968806238752	0	0	0	0	0	0	112.4775044991	0	393.72125574885	0	0	0	0	0	0	0	0	31.2937412517496	6.29874025194961	0	0	0	0	6.29874025194961	0	0	6.29874025194961	0	290.541891621676	0	0	0	0	0	112.4775044991	0	0	0	0	0	0	0	0	0	0	0	0	0	0	0	0	0	0	0	0	0	0	0	0	0	0	0
0.28	0	5.29894021195761	21.0957808438312	0	5.29894021195761	10.497900419916	0	0	21.0957808438312	0	0	0	0	0	0	73.6852629474105	0	457.808438312338	0	0	0	0	0	0	0	0	52.5894821035793	5.29894021195761	0	0	0	0	0	0	0	21.0957808438312	0	226.25474905019	0	0	0	0	0	94.6810637872426	0	0	0	5.29894021195761	0	0	0	0	0	0	0	0	0	0	0	0	0	0	0	0	0	0	0	0	0	0	0
0.33	0	1.7001700170017	8.5008500850085	0	6.8006800680068	5.1005100510051	0	1.7001700170017	10.3010301030103	0	0	0	0	0	0	104.310431043104	0	323.132313231323	0	0	0	0	0	0	0	0	13.7013701370137	6.8006800680068	0	0	0	0	5.1005100510051	0	0	3.4003400340034	0	196.619661966197	0	0	0	0	0	312.831283128313	0	0	0	0	0	0	0	0	0	0	0	0	0	0	0	0	0	0	0	0	0	0	0	0	0	0	0
0.38	0	0	0	0	2.2002200220022	4.4004400440044	4.4004400440044	2.2002200220022	22.1022102210221	0	0	0	0	0	0	121.412141214121	0	267.126712671267	0	0	0	0	0	0	0	0	6.6006600660066	2.2002200220022	0	0	0	0	0	0	0	8.8008800880088	0	404.040404040404	0	0	0	0	0	145.714571457146	0	0	0	4.4004400440044	0	0	0	0	0	0	0	0	0	4.4004400440044	0	0	0	0	0	0	0	0	0	0	0	0	0
0.43	0	1.7003400680136	8.50170034006801	0	1.7003400680136	5.10102020404081	0	1.7003400680136	10.3020604120824	0	0	0	0	0	0	141.928385677135	0	261.552310462092	0	0	0	0	0	0	0	0	17.1034206841368	12.002400480096	0	0	0	0	8.50170034006801	0	0	22.2044408881776	0	333.366673334667	0	5.10102020404081	0	0	0	162.432486497299	0	0	0	0	0	0	0	0	0	0	0	0	0	6.80136027205441	0	0	0	0	0	0	0	0	0	0	0	0	0
0.48	0	0	0	0	0	0	0	0	9	0	0	0	0	0	0	132.1	0	171.2	0	0	0	0	0	0	0	0	3	6	0	0	0	0	6	0	0	6	0	255.3	0	3	0	0	0	396.4	0	0	0	0	0	6	0	3	0	0	0	0	0	3	0	0	0	0	0	0	0	0	0	0	0	0	0
0.53	0	1.9001900190019	5.8005800580058	0	0	3.8003800380038	0	0	1.9001900190019	0	0	0	0	0	0	221.222122212221	0	257.725772577258	0	0	0	0	0	0	0	0	34.6034603460346	17.3017301730173	0	0	0	0	7.7007700770077	0	0	1.9001900190019	0	269.226922692269	0	0	0	0	0	176.917691769177	0	0	0	0	0	0	0	0	0	0	0	0	0	0	0	0	0	0	0	0	0	0	0	0	0	0	0
0.58	0	0	0	0	4.4995500449955	6.7993200679932	0	6.7993200679932	4.4995500449955	0	0	0	0	0	0	245.975402459754	0	209.87901209879	0	0	0	0	0	0	2.2997700229977	0	8.999100089991	6.7993200679932	0	0	0	0	15.7984201579842	0	0	6.7993200679932	0	381.461853814619	0	0	0	0	0	97.0902909709029	0	0	0	0	0	0	0	2.2997700229977	0	0	0	0	0	0	0	0	0	0	0	0	0	0	0	0	0	0	0
0.63	0	0	0	0	5.30106021204241	8.90178035607121	0	3.500700140028	0	0	0	0	0	0	0	216.343268653731	0	239.447889577916	0	0	0	0	0	0	0	0	30.1060212042408	3.500700140028	0	0	0	0	7.10142028405681	0	0	58.5117023404681	0	319.163832766553	0	5.30106021204241	0	0	0	102.820564112823	0	0	0	0	0	0	0	0	0	0	0	0	0	0	0	0	0	0	0	0	0	0	0	0	0	0	0
0.68	0	0	0	0	0	2.4	0	2.4	2.4	0	0	0	0	0	0	258.5	0	224.6	0	0	0	0	0	0	4.8	0	12.1	12.1	0	0	0	0	24.2	0	0	7.2	0	355.1	0	0	0	0	0	94.2	0	0	0	0	0	0	0	0	0	0	0	0	0	0	0	0	0	0	0	0	0	0	0	0	0	0	0
0.73	0	0	0	0	3.5996400359964	12.4987501249875	1.7998200179982	5.2994700529947	12.4987501249875	0	0	0	0	0	0	286.471352864713	0	215.278472152785	0	0	0	0	0	0	0	0	5.2994700529947	5.2994700529947	0	0	0	0	3.5996400359964	0	0	14.1985801419858	0	279.372062793721	0	5.2994700529947	0	0	0	147.685231476852	0	0	0	0	0	1.7998200179982	0	0	0	0	0	0	0	0	0	0	0	0	0	0	0	0	0	0	0	0	0
0.78	0	0	0	0	2.5997400259974	7.7992200779922	5.1994800519948	2.5997400259974	0	0	0	0	0	0	0	174.482551744825	0	289.071092890711	0	0	0	0	0	0	0	0	33.8966103389661	7.7992200779922	0	0	0	0	7.7992200779922	0	0	10.3989601039896	0	356.764323567643	0	0	0	0	0	93.7906209379062	0	0	0	0	0	5.1994800519948	0	0	0	0	0	0	0	2.5997400259974	0	0	0	0	0	0	0	0	0	0	0	0	0
0.83	0	0	0	0	7.20144028805761	19.9039807961592	5.40108021604321	12.6025205041008	16.2032406481296	0	0	0	0	0	0	225.645129025805	0	207.641528305661	0	0	0	0	0	0	0	0	10.8021604320864	10.8021604320864	0	0	0	0	28.9057811562312	0	0	50.5101020204041	0	261.752350470094	0	10.8021604320864	0	0	0	128.225645129026	0	0	0	0	0	3.60072014402881	0	0	0	0	0	0	0	0	0	0	0	0	0	0	0	0	0	0	0	0	0
0.88	0	0	4.7995200479952	0	2.3997600239976	7.1992800719928	0	2.3997600239976	2.3997600239976	0	0	0	0	0	0	431.656834316568	0	189.381061893811	0	0	0	0	0	0	14.3985601439856	0	14.3985601439856	4.7995200479952	0	0	0	0	35.996400359964	0	0	9.5990400959904	0	227.777222277772	0	0	0	0	0	50.3949605039496	0	0	0	0	0	0	0	2.3997600239976	0	0	0	0	0	0	0	0	0	0	0	0	0	0	0	0	0	0	0
0.92	0	0	0	0	3.79924015196961	3.79924015196961	0	9.49810037992401	7.59848030393921	0	0	0	0	0	0	325.734853029394	0	231.053789242152	0	0	0	0	0	0	0	0	34.0931813637273	18.8962207558488	0	0	0	0	15.1969606078784	0	0	30.2939412117576	0	198.860227954409	0	5.69886022795441	0	0	0	115.476904619076	0	0	0	0	0	0	0	0	0	0	0	0	0	0	0	0	0	0	0	0	0	0	0	0	0	0	0
0.98	0	2.6	0	0	0	5.3	0	2.6	2.6	0	0	0	0	0	0	500	0	126.3	0	0	0	0	0	0	13.2	0	2.6	7.9	0	0	0	0	15.8	0	0	13.2	0	205.3	0	0	0	0	0	102.6	0	0	0	0	0	0	0	0	0	0	0	0	0	0	0	0	0	0	0	0	0	0	0	0	0	0	0
1.02	0	0	0	0	0	0	0	2.4002400240024	2.4002400240024	0	0	0	0	0	0	362.136213621362	0	189.418941894189	0	0	0	0	0	0	0	0	9.6009600960096	16.8016801680168	0	0	0	0	14.4014401440144	0	0	74.3074307430743	0	203.820382038204	0	0	0	0	0	124.712471247125	0	0	0	0	0	0	0	0	0	0	0	0	0	0	0	0	0	0	0	0	0	0	0	0	0	0	0
1.08	0	0	0	0	0	2.80084025207562	0	0	2.80084025207562	0	0	0	0	0	0	454.936480944283	0	183.655096528959	0	0	0	0	0	5.60168050415125	19.8059417825348	0	5.60168050415125	5.60168050415125	0	0	0	0	73.4220266079824	0	0	16.9050715214564	0	194.958487546264	0	2.80084025207562	0	0	0	31.10933279984	0	0	0	0	0	0	0	0	0	0	0	0	0	0	0	0	0	0	0	0	0	0	0	0	0	0	0
1.12	0	0	0	0	5.80116023204641	11.7023404680936	0	1.9003800760152	1.9003800760152	0	0	0	0	0	0	377.47549509902	0	219.843968793759	0	0	0	0	0	0	0	0	23.3046609321864	21.4042808561712	0	0	0	0	54.5109021804361	0	0	38.9077815563113	0	149.829965993199	0	0	0	0	0	93.4186837367473	0	0	0	0	0	0	0	0	0	0	0	0	0	0	0	0	0	0	0	0	0	0	0	0	0	0	0
1.18	0	0	0	0	0	8.1	0	2.7	8.1	0	0	0	0	0	0	435.5	0	204.3	0	0	0	0	0	0	13.4	0	24.2	13.4	0	2.7	0	0	67.2	0	0	21.5	0	131.7	0	0	0	0	0	61.8	0	0	0	0	0	2.7	0	0	0	0	0	0	0	2.7	0	0	0	0	0	0	0	0	0	0	0	0	0
1.22	0	0	0	0	0	10.4	0	23.3	10.4	0	0	0	0	0	0	362.7	0	155.4	0	0	0	0	0	0	0	0	33.7	18.1	0	0	0	0	25.9	0	0	25.9	0	155.4	0	0	0	0	0	178.8	0	0	0	0	0	0	0	0	0	0	0	0	0	0	0	0	0	0	0	0	0	0	0	0	0	0	0
1.28	0	3	0	0	0	0	0	3	6	0	0	0	0	0	0	443.1	0	200.6	0	0	0	0	0	0	18	0	6	3	0	0	0	0	26.9	0	0	41.9	0	179.6	0	3	0	0	0	62.9	0	0	0	0	0	0	0	0	0	0	0	0	0	3	0	0	0	0	0	0	0	0	0	0	0	0	0
1.31	0	0	0	0	2.7	10.7	0	8	10.7	0	0	0	0	0	0	437	0	134	0	0	0	0	0	0	0	0	34.9	2.7	0	0	0	0	40.2	0	0	32.2	0	142.1	0	2.7	0	0	0	139.4	0	0	0	0	0	2.7	0	0	0	0	0	0	0	0	0	0	0	0	0	0	0	0	0	0	0	0	0
1.35	0	0	0	0	2.7	0	0	0	0	0	0	0	0	0	0	320.9	0	117.6	0	0	0	0	0	0	34.8	0	16	5.3	0	0	0	0	58.8	0	0	13.4	0	173.8	0	0	0	0	0	256.7	0	0	0	0	0	0	0	0	0	0	0	0	0	0	0	0	0	0	0	0	0	0	0	0	0	0	0
1.4	0	0	2.4002400240024	0	4.9004900490049	4.9004900490049	0	2.4002400240024	4.9004900490049	0	0	0	0	0	0	344.734473447345	0	200.520052005201	0	0	0	0	0	0	0	0	41.6041604160416	22.002200220022	0	0	0	0	22.002200220022	0	0	12.2012201220122	0	154.015401540154	0	0	0	0	0	183.418341834183	0	0	0	0	0	0	0	0	0	0	0	0	0	0	0	0	0	0	0	0	0	0	0	0	0	0	0
1.45	0	2.4	0	0	0	0	0	0	0	0	0	0	0	0	0	69.9	0	31.3	0	0	0	0	0	0	4.8	0	2.4	0	0	0	0	0	0	0	0	14.5	0	24.1	0	0	0	0	0	850.6	0	0	0	0	0	0	0	0	0	0	0	0	0	0	0	0	0	0	0	0	0	0	0	0	0	0	0
1.5	0	0	0	0	2.3997600239976	0	0	7.1992800719928	0	0	0	0	0	0	0	323.667633236676	0	151.084891510849	0	0	0	0	0	0	0	0	33.5966403359664	11.998800119988	0	0	0	0	47.995200479952	0	0	52.7947205279472	0	81.4918508149185	0	2.3997600239976	0	0	0	285.371462853715	0	0	0	0	0	0	0	0	0	0	0	0	0	0	0	0	0	0	0	0	0	0	0	0	0	0	0
1.55	0	0	0	0	0	8	0	2.7	16.1	0	0	0	0	0	0	345.8	0	187.7	0	0	0	0	0	0	29.5	0	21.4	18.8	0	0	0	0	69.7	0	0	32.2	0	190.3	0	0	0	0	0	75.1	0	0	0	0	0	0	0	0	0	0	0	0	0	2.7	0	0	0	0	0	0	0	0	0	0	0	0	0
1.65	0	0	0	0	2.5	0	2.5	2.5	20.4	0	0	0	0	0	0	338.4	0	269.7	0	0	0	0	0	0	5.1	0	10.2	38.2	0	0	0	0	61.1	0	0	15.3	0	142.5	0	0	0	0	0	89.1	0	0	0	0	0	2.5	0	0	0	0	0	0	0	0	0	0	0	0	0	0	0	0	0	0	0	0	0
1.68	0	0	0	0	0	4.2995700429957	0	2.0997900209979	17.0982901709829	0	0	0	0	0	0	432.756724327567	0	191.880811918808	0	0	0	0	0	0	0	0	42.5957404259574	23.4976502349765	0	0	0	0	51.1948805119488	0	0	6.3993600639936	0	70.3929607039296	0	0	0	0	0	155.684431556844	0	0	0	0	0	2.0997900209979	0	0	0	0	0	0	0	0	0	0	0	0	0	0	0	0	0	0	0	0	0
1.72	0	0	0	0	0	2.5002500250025	0	2.5002500250025	2.5002500250025	0	0	0	0	0	0	288.928892889289	0	115.611561156116	0	0	0	0	0	0	15.1015101510151	0	37.7037703770377	25.1025102510251	0	0	0	0	100.510051005101	0	0	15.1015101510151	0	125.612561256126	0	0	0	0	0	266.326632663266	0	0	0	0	0	2.5002500250025	0	0	0	0	0	0	0	0	0	0	0	0	0	0	0	0	0	0	0	0	0
1.77	0	2.3	0	0	13.9	7	0	13.9	11.6	0	0	0	0	0	0	341.1	0	199.5	0	0	0	0	0	0	0	0	67.3	51	0	0	0	0	44.1	0	0	55.7	0	113.7	0	0	0	0	0	78.9	0	0	0	0	0	0	0	0	0	0	0	0	0	0	0	0	0	0	0	0	0	0	0	0	0	0	0
1.82	0	0	0	0	2.49950009998	4.99900019996001	0	9.99800039992001	14.99700059988	0	0	0	0	0	0	279.244151169766	0	127.174565086983	0	0	0	0	0	0	2.49950009998	0	42.3915216956609	24.8950209958008	0	0	0	0	139.672065586883	0	0	14.99700059988	0	172.065586882623	0	2.49950009998	0	0	0	157.068586282743	0	0	0	0	0	2.49950009998	0	2.49950009998	0	0	0	0	0	0	0	0	0	0	0	0	0	0	0	0	0	0	0
1.86	0	0	0	0	6.09878024395121	18.1963607278544	0	0	42.5914817036593	0	0	0	0	0	0	458.908218356329	0	142.871425714857	0	0	0	0	0	0	0	0	42.5914817036593	24.2951409718056	0	0	0	0	82.0835832833433	0	0	0	0	139.772045590882	0	0	0	0	0	42.5914817036593	0	0	0	0	0	0	0	0	0	0	0	0	0	0	0	0	0	0	0	0	0	0	0	0	0	0	0
1.89	0	0	0	0	0	5.4994500549945	0	2.7997200279972	30.2969703029697	0	0	0	0	0	0	338.766123387661	0	115.688431156884	0	0	0	0	0	0	8.2991700829917	0	33.0966903309669	33.0966903309669	0	0	0	0	132.186781321868	0	0	21.997800219978	0	140.485951404859	0	0	0	0	0	132.186781321868	0	0	0	0	0	2.7997200279972	0	0	0	0	0	0	0	2.7997200279972	0	0	0	0	0	0	0	0	0	0	0	0	0
1.95	0	4.8	0	0	0	2.4	0	7.3	26.6	0	0	0	0	0	0	293	0	174.3	0	0	0	0	0	0	0	0	48.4	63	0	0	0	0	55.7	0	0	63	0	135.6	0	0	0	0	0	125.9	0	0	0	0	0	0	0	0	0	0	0	0	0	0	0	0	0	0	0	0	0	0	0	0	0	0	0
1.99	0	0	0	0	0	0	0	5.7	25.9	0	0	0	0	0	0	353.4	0	126.4	0	0	0	0	0	0	2.9	0	34.5	20.1	0	0	0	0	77.6	0	0	11.5	0	178.2	0	0	0	0	0	163.8	0	0	0	0	0	0	0	0	0	0	0	0	0	0	0	0	0	0	0	0	0	0	0	0	0	0	0
2.05	0	2.3997600239976	0	0	11.8988101189881	9.4990500949905	0	9.4990500949905	37.996200379962	0	0	0	0	0	0	477.352264773523	0	125.887411258874	0	0	0	0	0	0	0	0	30.8969103089691	21.3978602139786	0	0	0	0	47.4952504749525	0	0	28.4971502849715	0	125.887411258874	0	0	0	0	0	68.8931106889311	0	0	0	0	0	2.3997600239976	0	0	0	0	0	0	0	0	0	0	0	0	0	0	0	0	0	0	0	0	0
2.14	0	2.4	0	0	7.3	4.9	2.4	0	17.1	0	0	0	0	0	0	292.7	0	300	0	0	0	0	0	0	0	0	9.8	17.1	0	0	0	0	58.5	0	0	56.1	0	95.1	0	0	0	0	0	136.6	0	0	0	0	0	0	0	0	0	0	0	0	0	0	0	0	0	0	0	0	0	0	0	0	0	0	0
2.22	0	0	2.5997400259974	0	10.3989601039896	12.998700129987	0	7.7992200779922	46.5953404659534	0	0	0	0	0	0	414.458554144586	0	150.28497150285	0	0	0	0	0	0	0	0	46.5953404659534	49.1950804919508	0	0	0	0	36.2963703629637	0	0	77.6922307769223	0	113.988601139886	0	2.5997400259974	0	0	0	25.8974102589741	0	0	0	0	0	2.5997400259974	0	0	0	0	0	0	0	0	0	0	0	0	0	0	0	0	0	0	0	0	0
2.77	0	0	0	0	5.2	0	0	0	51.8	0	0	0	0	0	0	487	0	67.4	0	0	0	0	0	0	0	0	31.1	10.4	0	0	0	0	0	0	0	15.5	0	212.4	0	0	0	0	0	119.2	0	0	0	0	0	0	0	0	0	0	0	0	0	0	0	0	0	0	0	0	0	0	0	0	0	0	0
2.95	0	0	0	0	4.99900019996001	0	0	2.49950009998	49.7900419916017	0	0	0	0	0	0	415.316936612677	0	151.669666066787	0	0	0	0	0	0	0	0	9.99800039992002	29.8940211957609	0	0	0	0	12.3975204959008	0	0	7.49850029994001	0	144.271145770846	2.49950009998	0	0	0	0	164.167166566687	0	0	0	0	0	2.49950009998	0	0	0	0	0	0	0	2.49950009998	0	0	0	0	0	0	0	0	0	0	0	0	0
3.08	0	0	0	0	0	0	0	21.2853470437018	49.6658097686375	0	0	0	0	0	0	482.262210796915	0	49.6658097686375	0	0	0	0	0	0	0	0	7.09511568123393	7.09511568123393	0	0	0	0	0	0	0	42.5706940874036	0	141.799485861183	0	0	0	0	0	198.560411311054	0	0	0	0	0	0	0	0	0	0	0	0	0	0	0	0	0	0	0	0	0	0	0	0	0	0	0
3.29	0	0	0	0	0	0	0	0	13.2	0	0	0	0	0	0	364	0	83.3	0	0	0	0	0	0	0	0	4.4	8.8	0	0	0	0	0	0	0	26.3	0	157.9	17.5	0	0	0	0	298.2	0	0	0	0	0	8.8	0	4.4	0	0	0	0	0	13.2	0	0	0	0	0	0	0	0	0	0	0	0	0
3.39	0	0	2.9002900290029	0	2.9002900290029	8.8008800880088	0	0	17.6017601760176	0	0	0	0	0	0	461.846184618462	0	100.0100010001	0	0	0	0	0	0	0	0	17.6017601760176	5.9005900590059	0	0	0	0	5.9005900590059	0	0	23.5023502350235	0	197.119711971197	5.9005900590059	0	0	0	0	144.114411441144	0	0	0	0	0	0	0	0	0	0	0	0	0	5.9005900590059	0	0	0	0	0	0	0	0	0	0	0	0	0
3.48	0	0	2.50526104820122	0	2.50526104820122	0	0	2.50526104820122	2.50526104820122	0	0	0	0	0	0	577.212145505562	0	44.1928048902696	0	0	0	0	0	0	0	0	12.32588435715	7.41557270267562	0	0	0	0	0	0	0	17.2361960116244	0	78.5649864715903	0	2.50526104820122	0	0	0	250.526104820122	0	0	0	0	0	0	0	0	0	0	0	0	0	0	0	0	0	0	0	0	0	0	0	0	0	0	0
3.58	0	0	2.3	0	2.3	25	0	2.3	15.9	0	0	0	0	0	0	490.9	0	77.3	0	0	0	0	0	13.6	0	0	11.4	6.8	0	0	0	0	11.4	0	0	13.6	0	104.5	9.1	0	0	0	0	206.8	0	0	0	0	0	2.3	0	0	0	0	0	0	0	4.5	0	0	0	0	0	0	0	0	0	0	0	0	0
3.68	0	0	4.3	0	2.2	0	0	0	13	0	0	0	0	0	0	355	0	43.3	0	0	0	0	0	8.7	0	0	8.7	4.3	0	0	0	0	4.3	0	0	8.7	0	71.4	4.3	0	0	0	0	467.5	0	0	0	0	0	4.3	0	0	0	0	0	0	0	0	0	0	0	0	0	0	0	0	0	0	0	0	0
3.77	0	0	0	0	0	7.0992900709929	0	0	17.7982201779822	0	0	0	0	0	0	256.174382561744	0	81.8918108189181	0	0	0	0	0	14.1985801419858	0	0	14.1985801419858	0	0	0	0	0	0	0	0	10.6989301069893	0	120.987901209879	3.5996400359964	0	0	0	0	441.255874412559	0	0	0	0	0	24.8975102489751	0	3.5996400359964	0	0	0	0	0	3.5996400359964	0	0	0	0	0	0	0	0	0	0	0	0	0
3.87	0	0	0	0	0	0	0	0	6.99860027994401	0	0	0	0	0	0	139.872025594881	0	104.879024195161	0	0	0	0	0	0	0	0	20.995800839832	20.995800839832	0	0	0	0	0	0	0	41.9916016796641	0	41.9916016796641	0	0	0	0	0	594.281143771246	0	0	0	0	0	6.99860027994401	0	20.995800839832	0	0	0	0	0	0	0	0	0	0	0	0	0	0	0	0	0	0	0
3.97	0	0	0	0	0	0	2.9005801160232	5.80116023204641	11.7023404680936	0	0	0	0	0	0	514.702940588118	0	146.22924584917	0	0	0	0	0	0	0	0	14.6029205841168	8.80176035207041	0	0	0	0	8.80176035207041	0	0	29.2058411682336	0	52.6105221044209	2.9005801160232	0	0	0	0	187.137427485497	0	2.9005801160232	0	0	0	8.80176035207041	0	2.9005801160232	0	0	0	0	0	0	0	0	0	0	0	0	0	0	0	0	0	0	0
4.07	0	0	0	0	0	13.8986101389861	0	0	27.7972202779722	0	0	0	0	0	0	236.076392360764	0	166.683331666833	0	0	0	0	0	0	0	0	0	27.7972202779722	0	0	0	0	13.8986101389861	0	0	27.7972202779722	0	13.8986101389861	13.8986101389861	0	0	0	0	458.254174582542	0	0	0	0	0	0	0	0	0	0	0	0	0	0	0	0	0	0	0	0	0	0	0	0	0	0	0
4.16	0	0	0	0	5.7	0	5.7	0	5.7	0	0	0	0	0	0	255.7	0	250	0	0	0	0	0	0	0	0	45.5	28.4	0	0	0	0	17	0	0	28.4	0	85.2	39.8	0	0	0	0	215.9	0	0	0	0	0	17	0	0	0	0	0	0	0	0	0	0	0	0	0	0	0	0	0	0	0	0	0
4.26	0	7.98689330329715	0	0	15.9737866065943	0	0	0	0	0	0	0	0	0	0	399.959041572804	0	127.995084988736	0	0	0	0	0	0	0	0	0	0	0	0	0	0	0	0	0	32.0499692811796	0	48.0237558877739	0	0	0	0	0	352.037681753021	0	0	0	0	0	15.9737866065943	0	0	0	0	0	0	0	0	0	0	0	0	0	0	0	0	0	0	0	0	0
4.45	0	0	0	0	3.1	0	0	6.2	9.3	0	0	0	0	0	0	226.7	0	257.8	0	0	0	0	0	0	0	0	46.6	52.8	0	0	0	0	15.5	0	0	28	0	121.1	0	0	0	0	0	180.1	0	0	0	0	0	46.6	0	0	0	0	0	0	0	6.2	0	0	0	0	0	0	0	0	0	0	0	0	0
4.54	0	0	0	0	5.0994900509949	0	0	0	10.2989701029897	0	0	0	0	0	0	231.376862313769	0	174.782521747825	0	0	0	0	0	0	0	0	20.5979402059794	2.5997400259974	0	0	0	0	10.2989701029897	0	0	25.6974302569743	0	123.387661233877	0	0	0	0	0	254.474552544745	0	0	0	0	0	141.385861413859	0	0	0	0	0	0	0	0	0	0	0	0	0	0	0	0	0	0	0	0	0
4.63	0	0	0	0	4.4004400440044	0	0	4.4004400440044	0	0	0	0	0	0	0	327.432743274327	0	177.017701770177	0	0	0	0	0	0	0	0	8.8008800880088	4.4004400440044	0	0	0	0	0	0	0	13.3013301330133	0	190.31903190319	0	0	0	0	0	256.625662566257	0	0	0	0	0	13.3013301330133	0	0	0	0	0	0	0	0	0	0	0	0	0	0	0	0	0	0	0	0	0
4.73	0	0	0	0	4.00120036010803	8.10243072921877	0	0	0	0	0	0	0	0	0	190.35710713214	0	93.1279383815145	0	0	0	0	0	4.00120036010803	0	0	24.3072921876563	4.00120036010803	0	0	0	0	0	0	0	28.3084925477643	0	157.947384215265	0	8.10243072921877	0	0	0	400.920276082825	0	0	0	0	0	68.8206461938582	0	4.00120036010803	0	0	0	0	0	4.00120036010803	0	0	0	0	0	0	0	0	0	0	0	0	0
4.84	0	0	5.39892021595681	0	16.0967806438712	5.39892021595681	0	0	10.7978404319136	5.39892021595681	0	0	0	0	0	682.663467306539	0	42.9914017196561	0	0	0	0	0	0	0	0	5.39892021595681	0	0	0	0	0	0	0	0	5.39892021595681	0	69.8860227954409	16.0967806438712	0	0	0	0	123.675264947011	0	0	0	0	0	5.39892021595681	0	5.39892021595681	0	0	0	0	0	0	0	0	0	0	0	0	0	0	0	0	0	0	0
4.93	0	0	12.2987701229877	0	0	18.4981501849815	0	0	0	0	0	0	0	0	0	481.451854814519	0	74.0925907409259	0	0	0	0	0	0	0	0	6.1993800619938	6.1993800619938	0	0	0	0	0	0	0	0	0	0	6.1993800619938	43.1956804319568	0	0	0	283.971602839716	0	0	0	0	0	67.8932106789321	0	0	0	0	0	0	0	0	0	0	0	0	0	0	0	0	0	0	0	0	0
5.03	0	0	0	0	0	14.3971205758848	4.79904019196161	0	9.59808038392321	0	0	0	0	0	0	406.618676264747	0	23.8952209558088	0	0	0	0	0	0	0	0	4.79904019196161	0	0	0	0	0	0	0	0	9.59808038392321	0	23.8952209558088	0	14.3971205758848	0	0	0	478.404319136173	0	0	0	0	0	4.79904019196161	0	0	0	0	0	0	0	4.79904019196161	0	0	0	0	0	0	0	0	0	0	0	0	0
5.13	0	0	76.9153830766153	0	0	76.9153830766153	25.6051210242048	0	0	0	0	0	0	0	0	25.6051210242048	0	359.071814362873	0	0	0	0	0	0	0	0	25.6051210242048	51.3102620524105	0	0	0	0	0	0	0	25.6051210242048	0	205.141028205641	0	0	0	0	0	102.620524104821	0	0	0	0	0	0	0	0	0	0	0	0	0	25.6051210242048	0	0	0	0	0	0	0	0	0	0	0	0	0
5.23	0	0	15.9015901590159	0	15.9015901590159	31.7031703170317	0	0	111.111111111111	0	0	0	0	15.9015901590159	0	349.234923492349	0	111.111111111111	0	0	0	0	0	47.6047604760476	0	0	0	0	0	0	0	0	0	0	0	47.6047604760476	0	31.7031703170317	0	63.5063506350635	0	0	0	158.715871587159	0	0	0	0	0	0	0	0	0	0	0	0	0	0	0	0	0	0	0	0	0	0	0	0	0	0	0
5.32	0	0	84.3168633726745	0	36.1072214442889	24.1048209641928	0	0	60.2120424084817	0	0	0	0	0	0	313.362672534507	0	108.421684336867	0	0	0	0	0	24.1048209641928	0	0	0	0	0	0	0	0	0	0	0	24.1048209641928	0	12.002400480096	0	12.002400480096	0	0	0	289.257851570314	0	0	0	0	0	12.002400480096	0	0	0	0	0	0	0	0	0	0	0	0	0	0	0	0	0	0	0	0	0
5.42	0	0	61.2061206120612	0	102.010201020102	61.2061206120612	0	0	61.2061206120612	0	0	0	0	0	0	387.838783878388	0	204.120412041204	0	0	0	0	0	0	0	0	0	0	0	0	0	0	0	0	0	40.8040804080408	0	20.4020402040204	0	0	0	0	0	40.8040804080408	0	0	0	0	0	20.4020402040204	0	0	0	0	0	0	0	0	0	0	0	0	0	0	0	0	0	0	0	0	0
5.52	0	0	55.2110422084417	0	22.1044208841768	33.1066213242649	0	0	22.1044208841768	0	0	0	0	0	0	88.4176835367073	0	132.626525305061	0	0	0	0	0	11.002200440088	0	0	0	0	0	0	0	0	0	0	0	5.50110022004401	0	5.50110022004401	0	38.7077415483097	0	0	0	547.109421884377	0	0	0	0	0	22.1044208841768	0	5.50110022004401	0	0	0	0	0	11.002200440088	0	0	0	0	0	0	0	0	0	0	0	0	0
5.61	0	0	27.5944811037792	0	75.8848230353929	13.7972405518896	0	0	13.7972405518896	0	0	0	0	0	0	62.0875824835033	0	82.7834433113377	0	0	0	0	0	0	0	0	0	6.89862027594481	0	0	0	0	0	0	0	13.7972405518896	0	6.89862027594481	0	41.3917216556689	0	0	0	641.27174565087	0	0	0	0	0	13.7972405518896	0	0	0	0	0	0	0	0	0	0	0	0	0	0	0	0	0	0	0	0	0
5.67	45.4954504549545	0	136.386361363864	0	0	0	0	0	0	0	0	0	0	0	0	181.781821817818	0	90.8909109089091	0	0	0	0	0	0	0	0	0	90.8909109089091	0	0	0	0	0	0	0	136.386361363864	0	227.277272272773	0	0	0	0	0	0	0	0	0	0	0	0	0	0	0	0	0	0	0	90.8909109089091	0	0	0	0	0	0	0	0	0	0	0	0	0
5.71	0	0	500	0	0	0	0	0	0	0	0	0	0	0	0	200	0	200	0	0	0	0	0	0	0	0	0	0	0	0	0	0	0	0	0	0	0	0	0	0	0	0	0	0	0	0	0	0	0	0	0	100	0	0	0	0	0	0	0	0	0	0	0	0	0	0	0	0	0	0	0
5.74	0	0	111.111111111111	0	0	0	0	0	0	0	0	0	0	0	0	444.444444444444	0	333.333333333333	0	0	0	0	0	0	0	0	0	0	0	0	0	0	0	0	0	0	0	111.111111111111	0	0	0	0	0	0	0	0	0	0	0	0	0	0	0	0	0	0	0	0	0	0	0	0	0	0	0	0	0	0	0	0	0
5.76	0	0	375	0	0	0	0	0	0	0	0	0	0	0	0	187.5	0	187.5	0	0	0	0	0	0	0	0	0	0	0	0	0	0	0	0	0	62.5	0	62.5	0	0	0	0	0	0	0	0	0	0	62.5	0	0	0	0	0	0	0	0	62.5	0	0	0	0	0	0	0	0	0	0	0	0	0
5.8	0	0	0	0	0	0	0	0	0	0	0	0	0	0	0	600	0	0	0	0	0	0	0	0	0	0	0	0	0	0	0	0	0	0	0	0	0	0	0	0	0	0	0	400	0	0	0	0	0	0	0	0	0	0	0	0	0	0	0	0	0	0	0	0	0	0	0	0	0	0	0
5.83	0	0	333.333333333333	0	0	0	0	0	0	0	0	0	0	0	0	111.111111111111	0	0	0	0	0	0	0	0	0	0	0	0	0	0	0	0	0	0	0	111.111111111111	0	222.222222222222	0	0	0	0	0	111.111111111111	0	0	0	0	0	0	0	0	0	0	0	0	0	111.111111111111	0	0	0	0	0	0	0	0	0	0	0	0	0
5.86	0	0	333.3	0	0	0	0	0	0	0	0	0	0	0	0	500	0	0	0	0	0	0	0	0	0	0	0	0	0	0	0	0	0	0	0	0	0	0	0	0	0	0	0	166.7	0	0	0	0	0	0	0	0	0	0	0	0	0	0	0	0	0	0	0	0	0	0	0	0	0	0	0
5.89	0	0	300	0	100	0	0	0	0	0	0	0	0	0	0	400	0	0	0	0	0	0	0	0	0	0	0	0	0	0	0	0	0	0	0	0	0	0	0	0	0	0	0	200	0	0	0	0	0	0	0	0	0	0	0	0	0	0	0	0	0	0	0	0	0	0	0	0	0	0	0
5.93	0	0	111.1	0	0	0	0	55.6	0	0	0	0	0	0	0	333.3	0	111.1	0	0	0	0	0	0	0	0	0	0	0	0	0	0	0	0	0	222.2	0	0	0	0	0	0	0	111.1	0	0	0	0	0	0	0	0	0	0	0	0	0	55.6	0	0	0	0	0	0	0	0	0	0	0	0	0
5.95	0	0	625	0	0	0	0	0	0	0	0	0	0	0	0	125	0	0	0	0	0	0	0	0	0	0	0	0	0	0	0	0	0	0	0	0	0	250	0	0	0	0	0	0	0	0	0	0	0	0	0	0	0	0	0	0	0	0	0	0	0	0	0	0	0	0	0	0	0	0	0
5.99	0	0	0	0	250	0	0	250	0	0	0	0	0	0	0	250	0	0	0	0	0	0	0	0	0	0	0	0	0	0	0	0	0	0	0	0	0	250	0	0	0	0	0	0	0	0	0	0	0	0	0	0	0	0	0	0	0	0	0	0	0	0	0	0	0	0	0	0	0	0	0
6.13	0	0	538.5	0	76.9	0	0	0	0	0	0	0	0	0	0	307.7	0	76.9	0	0	0	0	0	0	0	0	0	0	0	0	0	0	0	0	0	0	0	0	0	0	0	0	0	0	0	0	0	0	0	0	0	0	0	0	0	0	0	0	0	0	0	0	0	0	0	0	0	0	0	0	0
6.19	0	0	400	0	100	0	0	0	0	0	0	0	0	0	0	500	0	0	0	0	0	0	0	0	0	0	0	0	0	0	0	0	0	0	0	0	0	0	0	0	0	0	0	0	0	0	0	0	0	0	0	0	0	0	0	0	0	0	0	0	0	0	0	0	0	0	0	0	0	0	0
6.29	0	0	571.4	0	0	0	0	0	0	0	0	0	0	0	0	428.6	0	0	0	0	0	0	0	0	0	0	0	0	0	0	0	0	0	0	0	0	0	0	0	0	0	0	0	0	0	0	0	0	0	0	0	0	0	0	0	0	0	0	0	0	0	0	0	0	0	0	0	0	0	0	0
7.45	0	0	173.3	0	13.3	0	0	0	26.7	0	0	0	0	0	0	146.7	0	466.7	0	0	0	0	0	0	0	0	0	13.3	0	0	0	0	0	0	0	0	0	0	0	13.3	0	0	0	146.7	0	0	0	0	0	0	0	0	0	0	0	0	0	0	0	0	0	0	0	0	0	0	0	0	0	0	0
7.94	0	0	258.048390321936	0	0	0	0	0	0	0	0	0	0	0	0	0	0	161.26774645071	0	0	0	0	0	0	0	0	0	0	0	0	0	0	0	0	0	32.2935412917417	0	0	0	32.2935412917417	0	0	0	483.80323935213	0	0	0	0	0	0	0	0	0	0	0	0	0	32.2935412917417	0	0	0	0	0	0	0	0	0	0	0	0	0
