stations	Aand	Atax	Btep	Bspo	Iacu	Ipal	Ipar	Ipat	Isph	Istr	Ipli	Ivel	Ijap	Lmac	Mcho	Nlab	Nrig	Ocen	Oisr	Ojan	Olon	Ogig	Pzoh	Pret	Smem	Sdel	Selo	Sram	Sbel	Sben	Sbul	Slaz	Smir	Sgra	Spac	Sspp	Tpel	Pdal	Stri	Imin	Imic	Ibre	Ekar	Bspp	Dubr	Peri	Lspp	Snep	Xxan	Squa	Pnud	Tapp	Tvar	Vcal	Vspi	Pame	Qcon	 Psch	Parc	Pkof	Gymn	Eacu	Egra	Edel	Etra	Espp	Sste	Sbif	Cysa	Tvan	Dcha
0	0	0	28.57	0	21.43	50	0	0	28.57	0	0	0	0	0	0	642.86	0	135.71	0	0	0	0	0	0	0	0	0	0	0	0	0	0	0	0	0	7.14	0	28.57	0	14.29	0	0	0	42.86	0	0	0	0	0	0	0	0	0	0	0	0	0	0	0	0	0	0	0	0	0	0	0	0	0	0	0
3	0	0	0	0	23.81	47.62	0	0	23.81	0	0	0	0	0	0	547.62	0	285.71	0	0	0	0	0	0	0	0	0	0	0	0	0	0	0	0	0	0	0	0	0	0	0	0	0	71.43	0	0	0	0	0	0	0	0	0	0	0	0	0	0	0	0	0	0	0	0	0	0	0	0	0	0	0
5	0	0	13.89	0	34.72	20.83	13.89	0	6.94	0	0	0	0	0	0	631.94	0	131.94	0	0	0	0	0	6.94	0	0	6.94	0	0	0	0	0	0	0	0	20.83	0	55.56	0	6.94	0	0	0	48.61	0	0	0	0	0	0	0	0	0	0	0	0	0	0	0	0	0	0	0	0	0	0	0	0	0	0	0
7	0	0	0	0	0	0	0	0	0	0	0	0	0	0	0	788.89	0	177.78	0	0	0	0	0	0	0	0	0	0	0	0	0	0	0	0	0	0	0	11.11	0	0	0	0	0	22.22	0	0	0	0	0	0	0	0	0	0	0	0	0	0	0	0	0	0	0	0	0	0	0	0	0	0	0
10	0	0	0	0	18.18	0	0	0	18.18	0	0	0	0	0	0	581.82	0	272.73	0	0	0	0	0	0	0	0	36.36	0	0	0	0	0	0	0	0	0	0	0	0	18.18	0	0	0	54.55	0	0	0	0	0	0	0	0	0	0	0	0	0	0	0	0	0	0	0	0	0	0	0	0	0	0	0
15	0	0	0	0	7.41	22.22	0	22.22	37.04	0	0	0	0	0	0	607.41	0	229.63	0	0	0	0	0	0	0	0	29.63	0	0	0	0	0	0	0	0	0	0	44.44	0	0	0	0	0	0	0	0	0	0	0	0	0	0	0	0	0	0	0	0	0	0	0	0	0	0	0	0	0	0	0	0	0
17	0	0	11.63	0	34.88	11.63	0	11.63	11.63	0	0	0	0	0	0	593.02	0	244.19	0	0	0	0	0	0	0	0	0	0	0	0	0	0	0	0	0	0	0	0	0	0	0	0	0	69.77	0	0	0	0	0	11.63	0	0	0	0	0	0	0	0	0	0	0	0	0	0	0	0	0	0	0	0	0
20	0	0	0	0	0	16.39	0	49.18	0	0	0	0	0	0	0	459.02	0	360.66	0	0	0	0	0	0	0	0	0	0	0	0	0	0	0	0	0	16.39	0	0	0	0	0	0	0	98.36	0	0	0	0	0	0	0	0	0	0	0	0	0	0	0	0	0	0	0	0	0	0	0	0	0	0	0
22	0	0	0	0	20.2	40.4	10.1	0	40.4	0	0	0	0	0	0	535.35	0	343.43	0	0	0	0	0	0	0	0	10.1	0	0	0	0	0	0	0	0	0	0	0	0	0	0	0	0	0	0	0	0	0	0	0	0	0	0	0	0	0	0	0	0	0	0	0	0	0	0	0	0	0	0	0	0
25	0	0	0	0	0	21.28	0	0	0	0	0	0	0	0	0	553.19	0	234.04	0	0	0	0	0	0	0	0	0	0	0	0	0	0	0	0	0	0	0	106.38	0	0	0	0	0	85.11	0	0	0	0	0	0	0	0	0	0	0	0	0	0	0	0	0	0	0	0	0	0	0	0	0	0	0
28	0	0	0	0	0	0	0	9.17	36.7	0	0	0	0	0	0	458.72	0	449.54	0	0	0	0	0	0	0	0	0	0	0	0	0	0	0	0	0	0	0	45.87	0	0	0	0	0	0	0	0	0	0	0	0	0	0	0	0	0	0	0	0	0	0	0	0	0	0	0	0	0	0	0	0	0
30	0	0	0	0	16.53	24.79	8.26	0	16.53	0	0	0	0	0	0	545.45	0	371.9	0	0	0	0	0	0	0	0	16.53	0	0	0	0	0	0	0	0	0	0	0	0	0	0	0	0	0	0	0	0	0	0	0	0	0	0	0	0	0	0	0	0	0	0	0	0	0	0	0	0	0	0	0	0
32	0	0	0	0	11.11	33.33	0	11.11	11.11	0	0	0	0	0	0	522.22	0	344.44	0	0	0	0	0	0	0	0	22.22	0	0	0	0	0	0	0	0	11.11	0	11.11	0	0	0	0	0	22.22	0	0	0	0	0	0	0	0	0	0	0	0	0	0	0	0	0	0	0	0	0	0	0	0	0	0	0
34	0	0	15.63	0	31.25	15.63	0	15.63	15.63	0	0	0	0	0	0	406.25	0	328.13	0	0	0	0	0	0	0	0	0	15.63	0	0	0	0	0	0	0	31.25	0	125	0	0	0	0	0	0	0	0	0	0	0	0	0	0	0	0	0	0	0	0	0	0	0	0	0	0	0	0	0	0	0	0	0
37	0	0	6.49	0	12.99	12.99	0	0	32.47	0	0	0	0	0	0	493.51	0	344.16	0	0	0	0	0	0	0	0	0	12.99	0	0	0	0	0	0	0	25.97	0	19.48	0	0	0	0	0	38.96	0	0	0	0	0	0	0	0	0	0	0	0	0	0	0	0	0	0	0	0	0	0	0	0	0	0	0
40	0	0	0	0	10.1	0	0	0	0	0	0	0	0	0	0	535.35	0	404.04	0	0	0	0	0	0	0	0	0	0	0	0	0	0	0	0	0	30.3	0	20.2	0	0	0	0	0	0	0	0	0	0	0	0	0	0	0	0	0	0	0	0	0	0	0	0	0	0	0	0	0	0	0	0	0
41	0	0	0	0	15.5	0	0	0	7.75	0	0	0	0	0	0	596.9	0	333.33	0	0	0	0	0	0	0	0	15.5	0	0	0	0	0	0	0	0	7.75	0	23.26	0	0	0	0	0	0	0	0	0	0	0	0	0	0	0	0	0	0	0	0	0	0	0	0	0	0	0	0	0	0	0	0	0
42	7.69	0	7.69	0	0	7.69	15.38	0	15.38	0	0	0	0	0	0	484.62	0	269.23	0	0	0	0	0	0	0	0	0	0	0	0	0	0	0	0	0	7.69	0	176.92	0	0	0	0	0	7.69	0	0	0	0	0	0	0	0	0	0	0	0	0	0	0	0	0	0	0	0	0	0	0	0	0	0	0
43	0	0	38.1	0	0	0	0	19.05	0	28.57	0	0	0	0	0	485.71	0	361.9	0	0	0	0	0	0	0	0	0	0	0	0	0	0	0	0	0	9.52	0	0	0	0	0	0	0	57.14	0	0	0	0	0	0	0	0	0	0	0	0	0	0	0	0	0	0	0	0	0	0	0	0	0	0	0
45	0	0	0	0	14.93	0	0	0	14.93	0	0	0	0	0	0	597.01	0	350.75	0	0	0	0	0	0	0	0	7.46	0	0	0	0	0	0	0	0	0	0	7.46	0	0	0	0	0	7.46	0	0	0	0	0	0	0	0	0	0	0	0	0	0	0	0	0	0	0	0	0	0	0	0	0	0	0
47	0	0	7.87	0	0	7.87	0	7.87	7.87	0	0	0	0	0	0	377.95	0	535.43	0	0	0	0	0	0	0	0	7.87	0	0	0	0	0	0	0	0	0	0	15.75	0	0	0	0	0	7.87	0	0	0	0	0	0	0	0	0	0	0	0	0	0	0	0	0	0	0	0	0	0	0	0	0	0	0
49	0	0	0	0	26.55	0	0	0	35.4	0	0	0	0	0	0	530.97	0	336.28	0	0	0	0	0	0	0	0	0	0	0	0	0	0	0	0	0	8.85	0	0	0	0	0	0	0	61.95	0	0	0	0	0	0	0	0	0	0	0	0	0	0	0	0	0	0	0	0	0	0	0	0	0	0	0
52	0	0	5.92	0	17.75	11.83	11.83	0	5.92	0	0	0	0	0	0	597.63	0	248.52	0	0	0	0	0	23.67	0	0	0	5.92	0	0	0	0	0	0	0	11.83	0	59.17	0	0	0	0	0	0	0	0	0	0	0	0	0	0	0	0	0	0	0	0	0	0	0	0	0	0	0	0	0	0	0	0	0
53	0	0	0	0	15.87	0	0	7.94	39.68	0	0	0	0	0	0	539.68	0	341.27	0	0	0	0	0	0	0	0	7.94	15.87	0	0	0	0	0	0	0	7.94	0	23.81	0	0	0	0	0	0	0	0	0	0	0	0	0	0	0	0	0	0	0	0	0	0	0	0	0	0	0	0	0	0	0	0	0
54	0	0	0	0	10.05	0	0	15.08	5.03	0	0	0	0	0	0	613.07	0	296.48	0	0	0	0	0	0	0	0	5.03	5.03	0	0	0	0	0	0	0	5.03	0	10.05	0	0	0	0	0	35.18	0	0	0	0	0	0	0	0	0	0	0	0	0	0	0	0	0	0	0	0	0	0	0	0	0	0	0
57	0	0	0	0	55.12	15.75	0	47.24	47.24	0	0	0	0	0	0	456.69	0	330.71	0	0	0	0	0	0	0	0	15.75	0	0	0	0	0	0	0	0	7.87	0	15.75	0	0	0	0	0	0	0	0	0	0	0	7.87	0	0	0	0	0	0	0	0	0	0	0	0	0	0	0	0	0	0	0	0	0
59	0	0	0	0	14.6	0	0	7.3	21.9	0	0	0	0	0	0	729.93	0	211.68	0	0	0	0	0	0	0	0	7.3	0	0	0	0	0	0	0	0	0	0	0	0	0	0	0	0	7.3	0	0	0	0	0	0	0	0	0	0	0	0	0	0	0	0	0	0	0	0	0	0	0	0	0	0	0
61	0	0	0	0	21.28	21.28	21.28	0	21.28	0	0	0	0	0	0	468.09	0	170.21	0	0	0	0	0	0	0	0	42.55	0	0	0	0	0	0	0	0	21.28	0	191.49	0	0	0	0	0	21.28	0	0	0	0	0	0	0	0	0	0	0	0	0	0	0	0	0	0	0	0	0	0	0	0	0	0	0
70	0	0	0	0	8.4	50.42	8.4	0	50.42	0	0	0	0	0	0	621.85	0	134.45	0	0	0	0	0	8.4	0	0	25.21	16.81	0	0	0	0	0	0	0	0	0	75.63	0	0	0	0	0	0	0	0	0	0	0	0	0	0	0	0	0	0	0	0	0	0	0	0	0	0	0	0	0	0	0	0	0
76	0	0	0	0	48.39	0	0	0	112.9	0	0	0	0	0	0	290.32	0	483.87	0	0	0	0	0	0	0	0	0	0	0	0	0	0	0	0	0	0	0	0	0	0	0	0	0	64.52	0	0	0	0	0	0	0	0	0	0	0	0	0	0	0	0	0	0	0	0	0	0	0	0	0	0	0
79	0	15.04	15.04	0	37.59	37.59	15.04	0	75.19	0	0	0	0	0	0	233.08	0	406.02	0	0	0	0	0	15.04	0	0	30.08	0	0	0	0	0	0	0	0	7.52	0	82.71	0	0	0	0	0	30.08	0	0	0	0	0	0	0	0	0	0	0	0	0	0	0	0	0	0	0	0	0	0	0	0	0	0	0
81	0	0	0	0	30.77	30.77	0	15.38	184.62	0	0	0	0	0	0	230.77	0	323.08	0	0	0	0	0	0	0	0	61.54	0	0	0	0	0	0	0	0	0	0	30.77	0	30.77	0	0	0	46.15	0	0	0	0	0	15.38	0	0	0	0	0	0	0	0	0	0	0	0	0	0	0	0	0	0	0	0	0
87	21.98	32.97	21.98	0	54.95	0	0	0	131.87	0	0	0	0	0	0	164.84	0	252.75	0	0	0	0	0	21.98	0	0	54.95	0	0	0	0	0	0	0	0	21.98	0	164.84	0	0	0	0	0	54.95	0	0	0	0	0	0	0	0	0	0	0	0	0	0	0	0	0	0	0	0	0	0	0	0	0	0	0
88	0	0	68.49	0	68.49	68.49	0	0	109.59	0	0	0	0	0	0	246.58	0	164.38	0	0	0	0	0	41.1	0	0	13.7	13.7	0	0	0	0	0	0	0	0	0	13.7	27.4	41.1	0	0	0	68.49	0	0	0	0	0	13.7	0	0	0	0	0	0	0	0	0	0	0	0	0	0	0	0	0	0	0	0	0
92	0	9.26	120.37	0	37.04	9.26	9.26	0	166.67	0	0	0	0	0	0	240.74	0	296.3	0	0	0	0	0	9.26	0	0	37.04	0	0	0	0	0	9.26	0	0	18.52	0	18.52	0	0	0	0	0	18.52	0	0	0	0	0	0	0	0	0	0	0	0	0	0	0	0	0	0	0	0	0	0	0	0	0	0	0
94	0	0	121.21	0	15.15	0	0	75.76	121.21	0	0	0	0	0	0	106.06	0	272.73	0	0	0	0	0	30.3	0	0	30.3	30.3	0	0	0	0	0	0	0	0	0	90.91	0	0	0	0	0	106.06	0	0	0	0	0	0	0	0	0	0	0	0	0	0	0	0	0	0	0	0	0	0	0	0	0	0	0
97	17.54	0	70.18	0	35.09	35.09	0	17.54	122.81	0	0	0	0	0	0	175.44	0	263.16	0	0	0	0	0	52.63	0	0	17.54	17.54	0	0	0	0	0	0	0	0	0	105.26	0	0	0	0	0	70.18	0	0	0	0	0	0	0	0	0	0	0	0	0	0	0	0	0	0	0	0	0	0	0	0	0	0	0
101	0	0	162.16	0	36.04	9.01	9.01	18.02	54.05	0	0	0	0	0	0	279.28	0	279.28	0	0	0	0	0	9.01	0	0	27.03	9.01	0	0	0	0	0	0	0	18.02	0	72.07	0	0	0	0	0	18.02	0	0	0	0	0	0	0	0	0	0	0	0	0	0	0	0	0	0	0	0	0	0	0	0	0	0	0
103	0	4.81	76.92	0	43.27	19.23	9.62	19.23	57.69	0	0	0	0	0	0	245.19	0	264.42	0	4.81	0	0	0	9.62	0	0	19.23	28.85	0	0	0	0	9.62	0	0	4.81	0	173.08	0	0	0	0	0	4.81	0	0	0	0	0	0	0	0	0	0	0	0	0	0	0	0	0	0	0	0	0	0	0	0	0	0	0
106	0	6.85	47.95	0	61.64	6.85	6.85	0	20.55	0	0	0	0	0	0	136.99	0	136.99	0	0	0	0	0	47.95	0	0	13.7	13.7	0	0	0	0	0	0	0	0	0	68.49	6.85	219.18	0	0	0	205.48	0	0	0	0	0	0	0	0	0	0	0	0	0	0	0	0	0	0	0	0	0	0	0	0	0	0	0
107	0	0	48.78	0	65.04	40.65	0	0	89.43	0	0	0	0	0	0	235.77	0	154.47	0	0	0	0	0	8.13	0	0	24.39	8.13	0	0	0	0	0	0	0	16.26	0	97.56	0	16.26	8.13	0	0	186.99	0	0	0	0	0	0	0	0	0	0	0	0	0	0	0	0	0	0	0	0	0	0	0	0	0	0	0
109	0	0	95.24	0	35.71	23.81	0	11.9	119.05	0	0	0	0	0	0	83.33	0	166.67	0	0	0	0	0	47.62	0	0	0	23.81	0	0	0	0	0	0	0	0	0	95.24	0	35.71	0	0	0	261.9	0	0	0	0	0	0	0	0	0	0	0	0	0	0	0	0	0	0	0	0	0	0	0	0	0	0	0
110	0	0	33.33	0	25	33.33	0	33.33	33.33	0	0	0	0	0	0	233.33	0	25	0	0	0	0	0	8.33	0	0	0	16.67	0	0	0	0	0	0	0	0	0	66.67	0	225	0	0	0	266.67	0	0	0	0	0	0	0	0	0	0	0	0	0	0	0	0	0	0	0	0	0	0	0	0	0	0	0
115	0	0	46.51	0	46.51	46.51	23.26	0	93.02	0	0	0	0	0	0	279.07	0	116.28	0	0	0	0	0	23.26	0	0	0	0	0	0	0	0	0	0	0	23.26	0	209.3	0	23.26	0	0	0	69.77	0	0	0	0	0	0	0	0	0	0	0	0	0	0	0	0	0	0	0	0	0	0	0	0	0	0	0
116	0	0	70.18	0	105.26	17.54	17.54	17.54	70.18	17.54	0	0	0	0	0	263.16	0	52.63	0	0	0	0	0	35.09	0	0	17.54	0	0	0	0	0	0	0	0	0	0	70.18	0	70.18	0	0	0	175.44	0	0	0	0	0	0	0	0	0	0	0	0	0	0	0	0	0	0	0	0	0	0	0	0	0	0	0
118	0	13.33	80	0	80	40	0	0	80	0	0	0	0	0	0	253.33	0	80	0	0	0	0	0	13.33	0	0	13.33	13.33	0	0	0	0	0	0	0	0	0	53.33	13.33	106.67	0	0	0	160	0	0	0	0	0	0	0	0	0	0	0	0	0	0	0	0	0	0	0	0	0	0	0	0	0	0	0
121	0	0	21.28	0	42.55	10.64	10.64	10.64	63.83	0	0	0	0	0	0	212.77	0	106.38	0	0	0	0	0	10.64	0	0	10.64	0	0	0	0	0	0	0	0	0	0	148.94	21.28	0	0	0	0	329.79	0	0	0	0	0	0	0	0	0	0	0	0	0	0	0	0	0	0	0	0	0	0	0	0	0	0	0
124	0	0	34.88	0	69.77	11.63	11.63	11.63	110.47	0	0	0	0	0	0	191.86	0	186.05	0	0	0	0	0	11.63	0	0	17.44	11.63	0	0	0	0	0	0	0	5.81	0	209.3	0	5.81	5.81	0	0	104.65	0	0	0	0	0	0	0	0	0	0	0	0	0	0	0	0	0	0	0	0	0	0	0	0	0	0	0
127	0	0	64.94	0	43.29	17.32	8.66	4.33	56.28	0	0	0	0	4.33	0	181.82	0	147.19	0	0	0	0	0	30.3	0	0	4.33	4.33	0	0	0	0	0	0	0	0	0	73.59	8.66	181.82	0	0	0	164.5	0	0	0	0	0	0	0	0	0	0	0	0	0	0	0	0	0	0	0	0	0	0	0	0	0	0	0
130	0	0	146.79	0	36.7	0	27.52	0	64.22	0	0	0	0	0	0	146.79	0	174.31	0	0	0	0	0	45.87	0	0	18.35	0	0	0	0	0	0	0	0	0	0	27.52	9.17	183.49	0	0	0	100.92	0	0	0	0	0	0	0	0	0	0	0	0	0	0	0	0	0	0	0	0	0	0	0	0	0	0	0
133	0	0	198.02	0	19.8	0	19.8	19.8	128.71	0	0	0	0	0	0	178.22	0	168.32	0	0	0	0	0	29.7	0	0	9.9	9.9	0	0	0	0	0	0	0	0	0	79.21	49.5	0	0	0	0	79.21	0	0	0	0	0	9.9	0	0	0	0	0	0	0	0	0	0	0	0	0	0	0	0	0	0	0	0	0
136	0	0	108.43	0	48.19	0	0	12.05	84.34	0	0	0	0	0	0	60.24	0	108.43	0	0	0	0	0	0	0	0	12.05	0	0	0	0	0	12.05	0	0	12.05	0	24.1	12.05	156.63	0	0	0	349.4	0	0	0	0	0	0	0	0	0	0	0	0	0	0	0	0	0	0	0	0	0	0	0	0	0	0	0
140	0	0	82.19	0	82.19	13.7	0	13.7	68.49	0	0	0	0	0	0	109.59	0	68.49	0	0	0	0	0	27.4	0	0	0	54.79	0	0	0	0	0	0	0	13.7	0	95.89	13.7	136.99	0	0	0	205.48	0	0	0	0	0	0	0	0	0	0	0	0	0	0	0	0	0	0	0	0	0	0	0	0	0	0	0
142	0	0	203.39	0	152.54	0	0	16.95	33.9	0	0	0	0	0	0	118.64	0	118.64	0	0	0	0	0	0	0	0	0	0	0	0	0	0	0	0	0	0	0	67.8	0	84.75	0	0	0	203.39	0	0	0	0	0	0	0	0	0	0	0	0	0	0	0	0	0	0	0	0	0	0	0	0	0	0	0
148	0	0	52.63	0	13.16	26.32	0	13.16	52.63	0	0	0	0	0	0	263.16	0	78.95	0	0	0	0	0	0	0	0	13.16	39.47	0	0	0	0	0	0	0	0	0	26.32	26.32	118.42	0	0	0	276.32	0	0	0	0	0	0	0	0	0	0	0	0	0	0	0	0	0	0	0	0	0	0	0	0	0	0	0
150	0	0	166.67	0	41.67	69.44	0	27.78	41.67	0	0	0	0	0	0	166.67	0	222.22	0	0	0	0	0	0	0	0	13.89	55.56	0	0	0	0	0	0	0	13.89	0	69.44	0	27.78	0	0	0	83.33	0	0	0	0	0	0	0	0	0	0	0	0	0	0	0	0	0	0	0	0	0	0	0	0	0	0	0
154	0	0	63.29	0	44.3	31.65	6.33	37.97	37.97	0	0	0	0	0	0	284.81	0	234.18	0	0	0	0	0	0	0	0	31.65	50.63	0	0	0	0	0	0	0	6.33	0	82.28	6.33	6.33	0	0	0	75.95	0	0	0	0	0	0	0	0	0	0	0	0	0	0	0	0	0	0	0	0	0	0	0	0	0	0	0
155	0	0	17.86	0	17.86	8.93	0	8.93	0	0	0	0	0	0	0	214.29	0	151.79	0	0	0	0	0	26.79	0	0	8.93	17.86	0	0	0	0	0	0	0	0	0	223.21	0	89.29	0	0	0	214.29	0	0	0	0	0	0	0	0	0	0	0	0	0	0	0	0	0	0	0	0	0	0	0	0	0	0	0
157	0	0	35.29	0	41.18	11.76	5.88	17.65	35.29	0	0	0	0	0	0	164.71	0	200	0	0	0	0	0	0	0	0	0	17.65	0	0	0	0	0	0	0	0	0	23.53	0	29.41	0	0	0	405.88	0	0	0	0	0	5.88	0	0	0	0	0	0	0	0	0	0	0	0	0	0	0	0	0	0	0	0	0
158	0	0	9.62	0	57.69	38.46	9.62	19.23	9.62	0	0	0	0	0	0	153.85	0	48.08	0	0	0	0	0	19.23	0	0	9.62	28.85	0	0	0	0	0	0	0	0	0	67.31	9.62	163.46	0	0	0	346.15	0	0	0	0	0	9.62	0	0	0	0	0	0	0	0	0	0	0	0	0	0	0	0	0	0	0	0	0
161	0	0	21.05	0	10.53	31.58	10.53	10.53	10.53	0	0	0	0	0	0	305.26	0	126.32	0	0	0	0	0	42.11	0	0	0	21.05	0	0	0	0	0	0	0	0	0	273.68	0	0	0	0	0	136.84	0	0	0	0	0	0	0	0	0	0	0	0	0	0	0	0	0	0	0	0	0	0	0	0	0	0	0
162	0	0	19.42	0	77.67	29.13	19.42	29.13	9.71	0	0	0	0	0	0	300.97	0	271.84	0	0	0	0	0	9.71	0	0	29.13	58.25	0	0	0	0	0	0	0	29.13	0	48.54	0	48.54	0	0	0	9.71	0	0	0	0	0	0	0	0	0	0	0	0	0	0	0	0	0	0	0	0	0	0	0	0	0	0	0
164	0	0	0	0	81.63	20.41	0	20.41	20.41	0	0	0	0	0	0	224.49	0	183.67	0	0	0	0	0	40.82	0	0	0	20.41	0	0	0	0	0	0	0	20.41	0	40.82	0	81.63	0	0	0	204.08	0	20.41	0	0	0	20.41	0	0	0	0	0	0	0	0	0	0	0	0	0	0	0	0	0	0	0	0	0
165	0	0	68.18	0	68.18	0	0	0	68.18	0	0	0	0	0	0	340.91	0	204.55	0	0	0	0	0	0	0	0	0	22.73	0	0	0	0	0	0	0	0	0	45.45	22.73	22.73	0	0	0	113.64	0	0	0	0	0	0	0	22.73	0	0	0	0	0	0	0	0	0	0	0	0	0	0	0	0	0	0	0
167	0	0	40	0	60	0	0	40	0	0	0	0	0	0	0	160	0	200	0	0	0	0	0	0	0	0	0	40	0	0	0	0	0	0	0	20	0	20	0	60	0	0	0	340	0	0	0	0	0	0	0	0	0	0	0	0	0	0	0	0	0	0	0	0	0	0	0	0	0	0	0
168	0	0	38.46	0	48.08	28.85	9.62	76.92	28.85	0	0	0	0	0	0	259.62	0	317.31	0	0	0	0	0	0	0	0	38.46	38.46	0	0	0	0	0	0	0	19.23	0	9.62	0	0	0	0	0	86.54	0	0	0	0	0	0	0	0	0	0	0	0	0	0	0	0	0	0	0	0	0	0	0	0	0	0	0
170	0	0	29.7	0	29.7	29.7	39.6	29.7	0	0	0	0	0	0	0	178.22	0	376.24	0	0	0	0	0	9.9	0	0	9.9	108.91	0	0	0	0	0	9.9	0	9.9	0	118.81	19.8	0	0	0	0	0	0	0	0	0	0	0	0	0	0	0	0	0	0	0	0	0	0	0	0	0	0	0	0	0	0	0	0
173	0	0	0	0	230.77	25.64	0	25.64	0	0	0	0	0	0	0	179.49	0	307.69	0	0	0	0	0	0	0	0	102.56	25.64	0	0	0	0	0	0	0	51.28	0	0	0	0	0	0	0	0	0	25.64	0	0	0	0	0	0	0	0	0	0	0	0	0	0	0	0	0	0	0	0	0	0	0	0	0
178	0	0	0	0	15.87	0	0	15.87	0	0	0	0	0	0	0	63.49	0	0	0	0	0	0	0	0	0	0	0	0	0	0	0	0	0	0	0	0	0	31.75	0	15.87	0	0	0	857.14	0	0	0	0	0	0	0	0	0	0	0	0	0	0	0	0	0	0	0	0	0	0	0	0	0	0	0
181	0	0	3.14	0	3.14	0	0	3.14	0	0	0	0	0	0	0	3.14	0	0	0	0	0	0	0	0	0	0	0	0	0	0	0	0	0	0	0	3.14	0	0	0	3.14	0	0	0	981.13	0	0	0	0	0	0	0	0	0	0	0	0	0	0	0	0	0	0	0	0	0	0	0	0	0	0	0
182	0	0	0	0	0	0	0	0	0	0	0	0	0	0	0	0	0	0	0	0	0	0	0	0	0	0	0	0	0	0	0	0	0	0	0	0	0	0	0	25	0	0	0	975	0	0	0	0	0	0	0	0	0	0	0	0	0	0	0	0	0	0	0	0	0	0	0	0	0	0	0
183	0	0	0	0	14.49	0	0	0	0	0	0	0	0	0	0	50.72	0	0	0	0	0	0	0	0	0	0	0	0	0	0	0	0	0	0	0	0	0	0	0	14.49	0	0	0	920.29	0	0	0	0	0	0	0	0	0	0	0	0	0	0	0	0	0	0	0	0	0	0	0	0	0	0	0
184	0	0	0	0	9.52	9.52	0	0	0	0	0	0	0	0	0	9.52	0	19.05	0	0	0	0	0	0	0	0	0	0	0	0	0	0	0	0	0	0	0	9.52	0	0	0	0	0	923.81	0	9.52	0	0	0	9.52	0	0	0	0	0	0	0	0	0	0	0	0	0	0	0	0	0	0	0	0	0
185	0	0	0	0	25.97	64.94	0	25.97	12.99	0	0	0	0	0	0	12.99	0	38.96	0	0	0	0	0	0	0	0	0	12.99	0	0	0	0	0	0	0	0	0	0	0	0	0	0	0	805.19	0	0	0	0	0	0	0	0	0	0	0	0	0	0	0	0	0	0	0	0	0	0	0	0	0	0	0
186	0	0	0	0	19.23	19.23	0	0	19.23	0	0	0	0	0	0	0	0	57.69	0	0	0	0	0	0	0	0	0	19.23	0	0	0	0	0	0	0	0	0	0	0	19.23	0	0	0	826.92	0	19.23	0	0	0	0	0	0	0	0	0	0	0	0	0	0	0	0	0	0	0	0	0	0	0	0	0
188	0	0	0	0	69.44	27.78	0	13.89	0	0	0	0	0	41.67	0	222.22	0	166.67	0	0	0	0	0	0	0	0	0	0	0	0	0	0	0	0	0	27.78	0	13.89	0	0	0	0	0	416.67	0	0	0	0	0	0	0	0	0	0	0	0	0	0	0	0	0	0	0	0	0	0	0	0	0	0	0
190	0	0	0	0	128.21	0	0	0	76.92	0	0	0	0	25.64	0	307.69	0	128.21	0	0	0	0	0	51.28	0	0	0	0	0	0	0	0	0	0	0	51.28	0	25.64	0	0	0	0	0	179.49	0	0	0	0	0	0	0	0	0	0	0	0	0	0	0	0	0	0	0	0	0	0	0	0	0	0	0
202	0	0	0	0	17.24	0	0	0	34.48	0	0	0	0	0	0	86.21	0	34.48	0	0	0	0	0	0	0	0	34.48	0	0	0	0	0	0	0	0	0	0	0	0	17.24	0	0	0	775.86	0	0	0	0	0	0	0	0	0	0	0	0	0	0	0	0	0	0	0	0	0	0	0	0	0	0	0
207	0	0	0	0	20.83	0	0	20.83	0	0	0	0	0	0	0	41.67	0	0	0	0	0	0	0	0	0	0	0	0	0	0	0	0	0	0	0	0	0	62.5	0	62.5	0	0	0	791.67	0	0	0	0	0	0	0	0	0	0	0	0	0	0	0	0	0	0	0	0	0	0	0	0	0	0	0
212	0	0	0	0	31.25	0	0	0	0	0	0	0	0	0	0	156.25	0	125	0	0	0	0	0	31.25	0	0	0	31.25	0	0	0	0	0	0	0	0	0	187.5	0	0	0	0	0	437.5	0	0	0	0	0	0	0	0	0	0	0	0	0	0	0	0	0	0	0	0	0	0	0	0	0	0	0
216	0	0	0	0	41.24	15.46	10.31	0	5.15	0	0	0	0	0	0	113.4	0	67.01	0	0	0	0	0	10.31	0	0	0	5.15	0	0	0	0	0	0	0	15.46	0	30.93	0	0	0	0	0	670.1	0	15.46	0	0	0	0	0	0	0	0	0	0	0	0	0	0	0	0	0	0	0	0	0	0	0	0	0
218	0	0	0	0	33.52	0	0	5.59	0	0	0	0	0	0	0	0	0	44.69	0	0	0	0	0	0	0	0	5.59	11.17	0	0	0	0	0	0	0	22.35	0	27.93	0	0	0	0	0	849.16	0	0	0	0	0	0	0	0	0	0	0	0	0	0	0	0	0	0	0	0	0	0	0	0	0	0	0
236	0	0	0	0	0	0	0	0	0	0	0	0	0	0	0	0	0	53.57	0	0	0	0	0	0	0	0	0	17.86	0	0	0	0	0	0	0	35.71	0	0	0	0	0	0	0	892.86	0	0	0	0	0	0	0	0	0	0	0	0	0	0	0	0	0	0	0	0	0	0	0	0	0	0	0
238	0	0	0	0	0	0	0	0	0	0	0	0	0	0	0	0	0	0	0	0	0	0	0	0	0	0	0	27.78	0	0	0	0	0	0	0	0	0	27.78	0	55.56	0	0	0	888.89	0	0	0	0	0	0	0	0	0	0	0	0	0	0	0	0	0	0	0	0	0	0	0	0	0	0	0
239	0	0	0	0	23.26	0	0	0	0	0	0	0	0	0	0	0	0	23.26	0	0	0	0	0	0	0	0	0	0	0	0	0	0	0	0	0	0	0	0	0	0	0	0	0	953.49	0	0	0	0	0	0	0	0	0	0	0	0	0	0	0	0	0	0	0	0	0	0	0	0	0	0	0
251	0	0	45.45	0	22.73	0	0	0	0	0	0	0	0	0	0	0	0	90.91	0	0	0	0	0	22.73	0	0	22.73	22.73	0	0	0	0	0	0	0	22.73	0	113.64	0	318.18	0	0	0	318.18	0	0	0	0	0	0	0	0	0	0	0	0	0	0	0	0	0	0	0	0	0	0	0	0	0	0	0
269	0	0	7.3	0	7.3	7.3	0	0	7.3	0	0	0	0	0	0	0	0	7.3	0	0	0	0	0	21.9	0	0	0	14.6	0	0	0	0	0	0	0	7.3	0	7.3	0	240.88	0	0	0	671.53	0	0	0	0	0	0	0	0	0	0	0	0	0	0	0	0	0	0	0	0	0	0	0	0	0	0	0
276	0	0	0	0	14.71	0	0	0	0	0	0	0	0	0	0	14.71	0	0	0	0	0	0	0	0	0	0	0	29.41	0	0	0	0	0	0	0	73.53	0	0	0	14.71	0	0	0	852.94	0	0	0	0	0	0	0	0	0	0	0	0	0	0	0	0	0	0	0	0	0	0	0	0	0	0	0
279	0	0	0	0	10.99	0	0	0	0	0	0	0	0	0	0	10.99	0	0	0	0	0	0	0	0	0	0	0	0	0	0	0	0	0	0	0	0	0	0	0	98.9	0	0	0	879.12	0	0	0	0	0	0	0	0	0	0	0	0	0	0	0	0	0	0	0	0	0	0	0	0	0	0	0
284	0	0	0	0	0	0	0	0	0	0	0	0	0	0	0	0	0	50	0	0	0	0	0	0	0	0	0	0	0	0	0	0	0	0	0	0	0	0	0	75	0	0	0	875	0	0	0	0	0	0	0	0	0	0	0	0	0	0	0	0	0	0	0	0	0	0	0	0	0	0	0
287	0	0	0	0	0	0	0	0	0	0	0	0	0	0	0	0	0	0	0	0	0	0	0	22.22	0	0	0	0	0	0	0	0	0	0	0	0	0	0	0	44.44	0	0	0	933.33	0	0	0	0	0	0	0	0	0	0	0	0	0	0	0	0	0	0	0	0	0	0	0	0	0	0	0
292	15.87	0	0	0	0	0	0	0	0	0	0	0	0	0	0	158.73	0	31.75	0	0	0	0	0	15.87	0	0	0	0	0	0	0	0	0	0	0	15.87	0	63.49	0	0	0	0	0	698.41	0	0	0	0	0	0	0	0	0	0	0	0	0	0	0	0	0	0	0	0	0	0	0	0	0	0	0
293	0	0	11.36	0	11.36	0	0	11.36	0	0	0	0	0	0	0	22.73	0	0	0	0	0	0	0	11.36	0	0	0	11.36	0	0	0	0	0	0	0	0	0	0	0	147.73	0	0	0	772.73	0	0	0	0	0	0	0	0	0	0	0	0	0	0	0	0	0	0	0	0	0	0	0	0	0	0	0
296	0	0	6.37	0	0	0	0	0	6.37	0	0	0	0	0	0	0	0	0	0	0	0	0	0	19.11	0	0	0	0	0	0	0	0	0	0	0	0	0	0	0	38.22	0	0	0	929.94	0	0	0	0	0	0	0	0	0	0	0	0	0	0	0	0	0	0	0	0	0	0	0	0	0	0	0
301	0	0	0	0	0	0	0	0	0	0	0	0	0	0	0	86.21	0	68.97	0	0	0	0	0	17.24	0	0	0	0	0	0	0	0	0	0	0	0	0	17.24	0	17.24	0	0	0	793.1	0	0	0	0	0	0	0	0	0	0	0	0	0	0	0	0	0	0	0	0	0	0	0	0	0	0	0
302	0	0	7.04	0	14.08	0	7.04	0	14.08	14.08	0	0	0	0	0	0	0	21.13	0	0	0	0	0	0	0	0	0	28.17	0	0	0	0	0	0	0	0	0	14.08	0	35.21	0	0	0	845.07	0	0	0	0	0	0	0	0	0	0	0	0	0	0	0	0	0	0	0	0	0	0	0	0	0	0	0
306	0	0	0	0	0	0	0	0	4.81	0	0	0	0	0	0	4.81	0	19.23	0	0	0	0	0	0	0	0	0	14.42	0	0	0	0	0	0	0	0	0	24.04	0	110.58	4.81	0	0	817.31	0	0	0	0	0	0	0	0	0	0	0	0	0	0	0	0	0	0	0	0	0	0	0	0	0	0	0
310	0	0	47.62	0	0	0	0	0	0	0	0	0	0	0	0	0	0	142.86	0	0	0	0	0	0	0	0	23.81	47.62	0	0	0	0	0	0	0	0	0	0	0	47.62	0	0	0	690.48	0	0	0	0	0	0	0	0	0	0	0	0	0	0	0	0	0	0	0	0	0	0	0	0	0	0	0
311	0	0	0	0	0	0	0	0	0	0	0	0	0	26.32	0	13.16	0	78.95	0	0	0	0	0	0	0	0	0	65.79	0	0	0	0	0	0	0	13.16	0	26.32	0	52.63	0	0	0	723.68	0	0	0	0	0	0	0	0	0	0	0	0	0	0	0	0	0	0	0	0	0	0	0	0	0	0	0
317	0	0	0	0	25.97	0	0	0	0	0	0	0	0	0	0	12.99	0	51.95	0	0	0	0	0	0	0	0	0	0	0	0	0	0	0	0	0	0	0	25.97	0	38.96	0	0	0	844.16	0	0	0	0	0	0	0	0	0	0	0	0	0	0	0	0	0	0	0	0	0	0	0	0	0	0	0
320	0	0	25.64	0	25.64	0	0	0	0	0	0	0	0	0	0	25.64	0	153.85	0	0	0	0	0	0	0	0	0	0	0	0	0	0	0	0	0	0	0	76.92	0	0	0	0	0	692.31	0	0	0	0	0	0	0	0	0	0	0	0	0	0	0	0	0	0	0	0	0	0	0	0	0	0	0
325	0	0	0	0	0	0	0	0	0	0	0	0	0	0	0	5.24	0	0	0	0	0	0	0	0	0	0	0	10.47	0	0	0	0	0	0	0	0	0	5.24	0	94.24	0	0	0	884.82	0	0	0	0	0	0	0	0	0	0	0	0	0	0	0	0	0	0	0	0	0	0	0	0	0	0	0
326	0	0	0	0	0	0	0	0	0	0	0	0	0	0	0	0	0	10.2	0	0	0	0	0	0	0	0	0	0	0	0	0	0	0	0	0	0	0	10.2	0	30.61	30.61	0	0	918.37	0	0	0	0	0	0	0	0	0	0	0	0	0	0	0	0	0	0	0	0	0	0	0	0	0	0	0
329	0	0	0	0	21.74	0	0	0	0	0	0	0	0	0	0	50.72	0	36.23	0	0	0	0	0	0	0	0	0	0	0	0	0	0	0	0	0	0	0	108.7	0	0	0	0	0	782.61	0	0	0	0	0	0	0	0	0	0	0	0	0	0	0	0	0	0	0	0	0	0	0	0	0	0	0
331	0	0	0	0	0	0	0	0	0	0	0	0	0	0	0	24.1	0	6.02	0	0	0	0	0	0	0	0	0	6.02	0	0	0	0	0	0	0	0	0	0	0	138.55	0	0	0	825.3	0	0	0	0	0	0	0	0	0	0	0	0	0	0	0	0	0	0	0	0	0	0	0	0	0	0	0
337	0	0	0	0	0	0	0	0	0	0	0	0	0	0	0	0	0	75.76	0	0	0	0	0	0	0	0	0	15.15	0	0	0	0	0	0	0	15.15	0	45.45	0	15.15	15.15	0	0	818.18	0	0	0	0	0	0	0	0	0	0	0	0	0	0	0	0	0	0	0	0	0	0	0	0	0	0	0
351	0	0	22.73	0	22.73	22.73	45.45	0	0	0	0	0	0	0	0	0	0	22.73	0	0	0	0	0	22.73	0	0	0	0	0	0	0	0	0	0	0	0	0	45.45	0	113.64	0	0	0	681.82	0	0	0	0	0	0	0	0	0	0	0	0	0	0	0	0	0	0	0	0	0	0	0	0	0	0	0
355	0	0	50	0	0	0	0	25	0	0	0	0	0	0	0	0	0	50	0	0	0	0	0	0	0	0	0	0	0	0	0	0	0	0	0	25	0	0	0	75	0	0	0	775	0	0	0	0	0	0	0	0	0	0	0	0	0	0	0	0	0	0	0	0	0	0	0	0	0	0	0
360	0	0	0	0	0	0	0	0	27.78	0	0	0	0	0	0	83.33	0	27.78	0	0	0	0	0	0	0	0	0	55.56	0	0	0	0	0	0	0	0	0	0	0	0	0	0	0	805.56	0	0	0	0	0	0	0	0	0	0	0	0	0	0	0	0	0	0	0	0	0	0	0	0	0	0	0
361	0	0	0	0	0	0	0	0	0	0	0	0	0	0	0	0	0	11.56	0	0	0	0	0	0	0	0	0	0	0	0	0	0	0	0	0	0	0	0	0	69.36	0	0	0	913.29	0	0	0	0	0	5.78	0	0	0	0	0	0	0	0	0	0	0	0	0	0	0	0	0	0	0	0	0
369	0	0	27.78	0	27.78	0	0	0	27.78	0	0	0	0	0	0	0	0	55.56	0	0	0	0	0	27.78	0	0	0	27.78	0	0	0	0	0	0	0	0	0	55.56	0	0	0	0	0	750	0	0	0	0	0	0	0	0	0	0	0	0	0	0	0	0	0	0	0	0	0	0	0	0	0	0	0
378	0	0	0	0	0	0	0	0	0	0	0	0	0	0	0	0	0	32.26	0	0	0	0	0	0	0	0	0	0	0	0	0	0	0	0	0	0	0	0	0	0	0	0	0	967.74	0	0	0	0	0	0	0	0	0	0	0	0	0	0	0	0	0	0	0	0	0	0	0	0	0	0	0
383	0	0	0	0	0	0	0	0	0	0	0	0	0	0	0	0	0	25.64	0	0	0	0	0	0	0	0	0	25.64	0	0	0	0	0	0	0	0	0	0	0	102.56	0	0	0	846.15	0	0	0	0	0	0	0	0	0	0	0	0	0	0	0	0	0	0	0	0	0	0	0	0	0	0	0
387	0	0	0	0	52.63	26.32	52.63	0	26.32	0	0	0	0	0	0	78.95	0	78.95	0	0	0	0	0	0	0	0	26.32	26.32	0	0	0	0	0	0	0	0	0	236.84	0	0	0	0	0	394.74	0	0	0	0	0	0	0	0	0	0	0	0	0	0	0	0	0	0	0	0	0	0	0	0	0	0	0
393	0	0	0	0	0	0	0	0	0	0	0	0	0	0	0	0	0	0	0	0	0	0	0	0	0	0	0	0	0	0	0	0	0	0	0	0	0	0	0	56.6	0	0	0	943.4	0	0	0	0	0	0	0	0	0	0	0	0	0	0	0	0	0	0	0	0	0	0	0	0	0	0	0
397	0	0	20.27	0	0	0	0	0	0	0	0	0	0	0	0	6.76	0	6.76	0	0	0	0	0	0	0	0	0	0	0	0	0	0	0	0	0	0	0	13.51	0	13.51	0	0	0	939.19	0	0	0	0	0	0	0	0	0	0	0	0	0	0	0	0	0	0	0	0	0	0	0	0	0	0	0
431	0	0	12.66	0	0	0	12.66	12.66	746.84	0	0	0	0	0	0	25.32	0	75.95	0	0	0	0	0	0	0	0	25.32	25.32	0	0	0	0	12.66	0	0	25.32	0	12.66	0	0	0	0	0	0	0	0	0	0	0	0	0	0	0	0	0	0	0	0	0	0	0	0	0	0	0	0	0	0	0	0	0
453	0	0	69.77	0	116.28	23.26	23.26	23.26	139.53	0	0	0	0	0	0	23.26	0	162.79	0	0	0	0	0	0	0	0	46.51	0	0	0	0	0	0	0	0	162.79	0	93.02	0	0	0	0	0	93.02	0	23.26	0	0	0	0	0	0	0	0	0	0	0	0	0	0	0	0	0	0	0	0	0	0	0	0	0
455	0	0	111.11	0	74.07	18.52	18.52	37.04	92.59	0	0	0	0	0	0	129.63	0	166.67	0	0	0	0	0	0	0	0	0	37.04	0	0	0	0	0	0	0	74.07	0	18.52	0	0	0	0	0	222.22	0	0	0	0	0	0	0	0	0	0	0	0	0	0	0	0	0	0	0	0	0	0	0	0	0	0	0
463	0	0	28.25	0	67.8	0	5.65	28.25	124.29	0	0	0	0	0	0	28.25	0	56.5	0	0	0	0	0	5.65	0	0	0	0	0	0	0	0	0	0	0	0	0	0	0	0	0	0	0	615.82	0	5.65	0	0	0	0	0	0	0	0	0	0	0	0	0	0	0	0	0	0	0	0	0	0	0	0	0
472	0	0	0	0	44.78	0	0	14.93	0	0	0	0	0	0	0	0	0	29.85	0	0	0	0	0	0	0	0	14.93	14.93	0	0	0	0	0	0	0	14.93	0	0	0	0	0	0	0	865.67	0	0	0	0	0	0	0	0	0	0	0	0	0	0	0	0	0	0	0	0	0	0	0	0	0	0	0
475	0	0	38.96	0	51.95	0	0	12.99	77.92	0	0	0	0	0	0	51.95	0	129.87	0	0	0	0	0	25.97	0	0	12.99	0	0	0	0	0	0	0	0	0	0	12.99	0	0	0	0	0	558.44	0	25.97	0	0	0	0	0	0	0	0	0	0	0	0	0	0	0	0	0	0	0	0	0	0	0	0	0
480	0	0	15.38	0	92.31	0	15.38	30.77	15.38	0	0	0	0	0	0	61.54	0	46.15	0	0	0	0	0	0	0	0	0	0	0	0	0	0	0	0	0	46.15	0	15.38	0	0	0	0	0	661.54	0	0	0	0	0	0	0	0	0	0	0	0	0	0	0	0	0	0	0	0	0	0	0	0	0	0	0
482	0	0	18.52	0	55.56	0	0	74.07	37.04	0	0	0	0	0	0	37.04	0	148.15	0	0	0	0	0	37.04	0	0	0	0	0	0	0	0	0	0	0	18.52	0	0	0	0	0	0	0	555.56	0	0	0	0	0	0	0	0	0	0	0	0	0	0	0	0	0	0	0	0	0	0	0	0	0	0	0
486	0	0	7.41	0	51.85	0	7.41	311.11	74.07	0	0	0	0	0	0	81.48	0	177.78	0	0	0	0	0	44.44	0	0	37.04	29.63	0	0	0	0	0	0	0	29.63	0	37.04	0	7.41	0	0	0	103.7	0	0	0	0	0	0	0	0	0	0	0	0	0	0	0	0	0	0	0	0	0	0	0	0	0	0	0
489	0	0	37.04	0	111.11	37.04	0	0	129.63	129.63	0	0	0	0	0	111.11	0	92.59	0	0	0	0	0	240.74	0	0	0	37.04	0	0	0	0	0	0	0	0	0	55.56	0	0	0	0	0	18.52	0	0	0	0	0	0	0	0	0	0	0	0	0	0	0	0	0	0	0	0	0	0	0	0	0	0	0
510	0	0	44.78	0	29.85	0	14.93	89.55	104.48	0	0	0	0	0	0	59.7	0	149.25	0	0	0	0	0	29.85	0	0	29.85	14.93	0	0	0	0	0	0	0	0	0	59.7	0	0	0	0	0	373.13	0	0	0	0	0	0	0	0	0	0	0	0	0	0	0	0	0	0	0	0	0	0	0	0	0	0	0
529	0	5.24	5.24	0	10.47	5.24	5.24	31.41	36.65	0	0	0	0	0	0	0	0	31.41	0	0	0	0	0	5.24	0	0	0	0	0	0	0	0	0	0	0	0	0	15.71	0	26.18	0	0	0	821.99	0	0	0	0	0	0	0	0	0	0	0	0	0	0	0	0	0	0	0	0	0	0	0	0	0	0	0
548	0	12.66	12.66	0	12.66	0	25.32	0	25.32	0	0	0	0	0	0	126.58	0	50.63	0	0	0	0	0	12.66	0	0	0	0	0	0	0	0	0	0	0	0	0	50.63	0	0	0	0	0	670.89	0	0	0	0	0	0	0	0	0	0	0	0	0	0	0	0	0	0	0	0	0	0	0	0	0	0	0
557	0	0	49.18	0	0	0	0	0	16.39	0	0	0	0	0	0	16.39	0	16.39	0	0	0	0	0	0	0	0	0	0	0	0	0	0	0	0	0	0	0	0	0	0	0	0	0	901.64	0	0	0	0	0	0	0	0	0	0	0	0	0	0	0	0	0	0	0	0	0	0	0	0	0	0	0
631	96.77	0	0	0	32.26	0	0	0	32.26	0	0	0	0	0	0	322.58	0	129.03	0	0	0	0	0	0	0	0	0	32.26	0	0	0	0	0	0	0	32.26	0	129.03	0	0	0	0	0	193.55	0	0	0	0	0	0	0	0	0	0	0	0	0	0	0	0	0	0	0	0	0	0	0	0	0	0	0
640	0	0	14.18	0	42.55	0	7.09	0	0	0	0	0	0	0	0	248.23	0	14.18	0	0	0	0	0	28.37	0	0	0	7.09	0	0	0	0	0	0	0	0	0	7.09	0	0	0	0	0	631.21	0	0	0	0	0	0	0	0	0	0	0	0	0	0	0	0	0	0	0	0	0	0	0	0	0	0	0
696	0	0	90.91	0	0	0	0	30.3	0	0	0	0	0	0	0	575.76	0	30.3	0	0	0	0	0	0	0	0	0	30.3	0	0	0	0	0	0	0	0	0	121.21	0	0	0	0	0	121.21	0	0	0	0	0	0	0	0	0	0	0	0	0	0	0	0	0	0	0	0	0	0	0	0	0	0	0
706	0	0	33.33	0	16.67	0	0	8.33	0	0	0	0	0	0	0	500	0	41.67	0	0	0	0	0	0	0	0	0	0	0	0	0	0	0	0	0	0	0	41.67	0	0	0	0	0	358.33	0	0	0	0	0	0	0	0	0	0	0	0	0	0	0	0	0	0	0	0	0	0	0	0	0	0	0
716	0	0	70.31	0	23.44	0	0	46.88	0	0	0	0	0	0	0	31.25	0	125	0	0	0	0	0	0	0	0	0	15.63	0	0	0	0	0	0	0	0	0	31.25	0	0	0	0	0	656.25	0	0	0	0	0	0	0	0	0	0	0	0	0	0	0	0	0	0	0	0	0	0	0	0	0	0	0
725	0	0	34.88	0	34.88	0	0	93.02	0	0	0	0	0	0	0	116.28	0	69.77	0	0	0	0	0	0	0	0	23.26	11.63	0	0	0	0	0	0	0	0	0	0	23.26	0	0	0	0	593.02	0	0	0	0	0	0	0	0	0	0	0	0	0	0	0	0	0	0	0	0	0	0	0	0	0	0	0
734	0	0	14.71	0	0	14.71	0	58.82	0	0	0	0	0	0	0	132.35	0	0	0	0	0	0	0	0	0	0	14.71	0	0	0	0	0	0	0	0	0	0	0	0	0	0	0	0	764.71	0	0	0	0	0	0	0	0	0	0	0	0	0	0	0	0	0	0	0	0	0	0	0	0	0	0	0
744	0	0	3.09	0	24.69	0	0	0	18.52	0	0	0	0	0	0	40.12	0	15.43	0	0	0	0	0	3.09	0	0	0	0	0	0	0	0	0	0	0	0	0	15.43	0	0	0	0	0	879.63	0	0	0	0	0	0	0	0	0	0	0	0	0	0	0	0	0	0	0	0	0	0	0	0	0	0	0
772	0	0	666.67	0	39.22	0	19.61	0	0	0	0	0	0	0	0	98.04	0	137.25	0	0	0	0	0	0	0	0	0	0	0	0	0	0	0	0	0	39.22	0	0	0	0	0	0	0	0	0	0	0	0	0	0	0	0	0	0	0	0	0	0	0	0	0	0	0	0	0	0	0	0	0	0	0
781	0	0	377.05	0	0	0	8.2	0	0	8.2	0	0	0	0	0	155.74	0	40.98	0	0	0	0	0	0	0	0	0	0	0	0	0	0	0	0	0	24.59	0	16.39	0	0	0	0	0	368.85	0	0	0	0	0	0	0	0	0	0	0	0	0	0	0	0	0	0	0	0	0	0	0	0	0	0	0
791	0	0	160.38	0	56.6	0	9.43	0	0	0	0	0	0	0	0	330.19	0	66.04	0	0	0	0	0	9.43	0	0	0	0	0	0	0	0	0	0	0	18.87	0	28.3	0	0	0	0	0	320.75	0	0	0	0	0	0	0	0	0	0	0	0	0	0	0	0	0	0	0	0	0	0	0	0	0	0	0
797	0	0	340.43	0	85.11	0	21.28	21.28	42.55	0	0	0	0	0	0	63.83	0	191.49	0	0	0	0	0	63.83	0	0	0	21.28	0	0	0	0	0	0	0	21.28	0	0	0	0	0	0	0	127.66	0	0	0	0	0	0	0	0	0	0	0	0	0	0	0	0	0	0	0	0	0	0	0	0	0	0	0
820	0	0	263.64	0	27.27	9.09	0	18.18	9.09	0	0	0	0	0	0	54.55	0	490.91	0	0	0	0	0	18.18	0	0	9.09	63.64	0	0	0	0	0	0	0	18.18	0	0	0	0	0	0	0	18.18	0	0	0	0	0	0	0	0	0	0	0	0	0	0	0	0	0	0	0	0	0	0	0	0	0	0	0
841	0	0	122.22	0	0	0	0	0	0	0	0	0	0	0	0	22.22	0	844.44	0	0	0	0	0	0	0	0	0	11.11	0	0	0	0	0	0	0	0	0	0	0	0	0	0	0	0	0	0	0	0	0	0	0	0	0	0	0	0	0	0	0	0	0	0	0	0	0	0	0	0	0	0	0
851	0	0	220.93	0	0	0	0	0	0	0	0	0	0	0	0	139.53	0	476.74	0	0	0	0	0	0	0	0	0	58.14	0	0	0	0	0	0	0	0	0	81.4	0	0	0	0	0	23.26	0	0	0	0	0	0	0	0	0	0	0	0	0	0	0	0	0	0	0	0	0	0	0	0	0	0	0
860	0	0	13.16	0	13.16	0	0	0	0	0	0	0	0	0	0	39.47	0	414.47	0	0	0	0	0	0	0	0	0	26.32	0	0	0	0	0	0	0	0	0	0	0	0	0	0	0	486.84	0	0	0	0	0	6.58	0	0	0	0	0	0	0	0	0	0	0	0	0	0	0	0	0	0	0	0	0
874	0	0	39.22	0	58.82	19.61	0	78.43	78.43	0	0	0	0	0	0	117.65	0	470.59	0	0	0	0	0	0	0	0	0	39.22	0	0	0	0	0	0	0	0	0	0	0	0	0	0	0	98.04	0	0	0	0	0	0	0	0	0	0	0	0	0	0	0	0	0	0	0	0	0	0	0	0	0	0	0
883	0	0	125	0	55.56	0	0	27.78	0	0	0	0	0	0	0	27.78	0	125	0	0	0	0	0	0	0	0	0	0	0	0	0	0	0	0	0	0	0	13.89	0	0	0	0	0	611.11	0	0	0	0	0	0	0	0	0	0	0	0	0	0	0	0	0	0	0	0	0	0	0	0	0	0	0
892	0	0	76.92	0	57.69	0	0	38.46	19.23	0	0	0	0	0	0	76.92	0	230.77	0	0	0	0	0	0	0	0	0	0	0	0	0	0	0	0	0	0	0	0	0	0	0	0	0	500	0	0	0	0	0	0	0	0	0	0	0	0	0	0	0	0	0	0	0	0	0	0	0	0	0	0	0
901	0	0	32.26	0	16.13	0	0	0	0	0	0	0	0	0	0	16.13	0	112.9	0	0	0	0	0	0	0	0	0	16.13	0	0	0	0	0	0	0	0	0	0	16.13	0	0	0	0	790.32	0	0	0	0	0	0	0	0	0	0	0	0	0	0	0	0	0	0	0	0	0	0	0	0	0	0	0
910	0	0	58.82	0	98.04	19.61	0	39.22	0	0	0	0	0	0	0	137.25	0	215.69	0	0	0	0	0	0	0	0	19.61	19.61	0	0	0	0	0	0	0	0	0	0	0	0	0	0	0	392.16	0	0	0	0	0	0	0	0	0	0	0	0	0	0	0	0	0	0	0	0	0	0	0	0	0	0	0
923	0	0	44.78	0	44.78	14.93	0	14.93	14.93	0	0	0	0	0	0	59.7	0	238.81	0	0	0	0	0	0	0	0	29.85	0	0	0	0	0	0	0	0	0	0	0	0	14.93	0	0	0	522.39	0	0	0	0	0	0	0	0	0	0	0	0	0	0	0	0	0	0	0	0	0	0	0	0	0	0	0
942	0	0	58.82	0	39.22	0	0	0	19.61	0	0	0	0	0	0	117.65	0	156.86	0	0	0	0	0	0	0	0	19.61	0	0	0	0	0	0	0	0	19.61	0	0	0	39.22	0	0	0	529.41	0	0	0	0	0	0	0	0	0	0	0	0	0	0	0	0	0	0	0	0	0	0	0	0	0	0	0
955	0	0	18.87	0	0	0	0	37.74	56.6	18.87	0	0	0	0	0	113.21	0	113.21	0	0	0	0	0	0	0	0	0	56.6	0	0	0	0	0	0	0	0	0	37.74	0	0	0	0	0	547.17	0	0	0	0	0	0	0	0	0	0	0	0	0	0	0	0	0	0	0	0	0	0	0	0	0	0	0
964	0	0	56.6	0	37.74	37.74	0	37.74	56.6	0	0	0	0	0	0	207.55	0	132.08	0	0	0	0	0	0	0	0	0	37.74	0	0	0	0	0	0	0	0	0	37.74	0	37.74	0	0	0	320.75	0	0	0	0	0	0	0	0	0	0	0	0	0	0	0	0	0	0	0	0	0	0	0	0	0	0	0
972	0	0	49.18	0	16.39	49.18	0	16.39	16.39	0	0	0	0	0	0	49.18	0	81.97	0	0	0	0	0	0	0	0	0	0	0	0	0	0	0	0	0	0	0	16.39	0	327.87	32.79	0	0	327.87	0	0	0	0	0	16.39	0	0	0	0	0	0	0	0	0	0	0	0	0	0	0	0	0	0	0	0	0
991	0	0	205.88	0	0	0	0	0	0	0	0	0	0	0	0	88.24	0	235.29	0	0	0	0	0	0	0	0	29.41	29.41	0	0	0	0	0	0	0	0	0	0	0	176.47	0	0	0	235.29	0	0	0	0	0	0	0	0	0	0	0	0	0	0	0	0	0	0	0	0	0	0	0	0	0	0	0
1001	0	0	225.81	0	32.26	16.13	0	16.13	0	0	0	0	0	0	0	129.03	0	177.42	0	0	0	0	0	0	0	0	0	32.26	0	0	0	0	16.13	0	0	0	0	16.13	0	0	0	0	0	306.45	0	0	0	0	0	32.26	0	0	0	0	0	0	0	0	0	0	0	0	0	0	0	0	0	0	0	0	0
1010	0	0	47.62	0	15.87	47.62	0	31.75	47.62	0	0	0	0	0	0	95.24	0	79.37	0	0	0	0	0	0	0	0	0	0	0	0	0	0	0	0	0	0	0	95.24	0	0	0	0	0	539.68	0	0	0	0	0	0	0	0	0	0	0	0	0	0	0	0	0	0	0	0	0	0	0	0	0	0	0
1019	0	0	7.04	0	0	0	0	21.13	0	0	0	0	0	0	0	28.17	0	56.34	0	0	0	0	0	0	0	0	0	7.04	0	0	0	0	7.04	0	0	0	0	0	0	0	0	0	0	866.2	0	0	0	0	0	7.04	0	0	0	0	0	0	0	0	0	0	0	0	0	0	0	0	0	0	0	0	0
1028	0	0	32.71	0	14.02	4.67	0	4.67	9.35	4.67	0	0	0	0	0	37.38	0	46.73	0	0	0	0	0	0	0	0	0	0	0	0	0	0	4.67	0	0	0	0	23.36	0	0	0	0	0	803.74	0	0	0	0	0	14.02	0	0	0	0	0	0	0	0	0	0	0	0	0	0	0	0	0	0	0	0	0
1038	0	0	407.41	0	0	0	0	0	0	0	0	0	0	0	0	0	0	0	0	0	0	0	0	0	0	0	0	18.52	0	0	0	0	0	0	0	0	0	18.52	0	0	0	0	0	555.56	0	0	0	0	0	0	0	0	0	0	0	0	0	0	0	0	0	0	0	0	0	0	0	0	0	0	0
1047	0	0	147.54	0	32.79	0	16.39	0	0	16.39	0	0	0	0	0	81.97	0	163.93	0	0	0	0	0	0	0	0	16.39	16.39	0	0	0	0	0	0	0	0	0	16.39	16.39	0	0	0	0	475.41	0	0	0	0	0	0	0	0	0	0	0	0	0	0	0	0	0	0	0	0	0	0	0	0	0	0	0
1057	0	0	39.22	0	58.82	19.61	0	0	19.61	0	0	0	0	0	0	156.86	0	235.29	0	0	0	0	0	0	0	0	19.61	39.22	0	0	0	0	0	0	0	0	0	78.43	0	0	0	0	0	313.73	0	0	0	0	0	19.61	0	0	0	0	0	0	0	0	0	0	0	0	0	0	0	0	0	0	0	0	0
1066	0	0	56.6	0	0	0	0	0	0	0	0	0	0	0	0	56.6	0	150.94	0	0	0	0	0	0	0	0	0	18.87	0	0	0	0	0	0	0	0	0	169.81	0	0	0	0	0	547.17	0	0	0	0	0	0	0	0	0	0	0	0	0	0	0	0	0	0	0	0	0	0	0	0	0	0	0
1074	0	0	76.92	0	76.92	0	0	0	19.23	0	0	0	0	0	0	57.69	0	403.85	0	0	0	0	0	0	0	0	0	19.23	0	0	0	0	0	0	0	0	0	134.62	0	0	0	0	0	211.54	0	0	0	0	0	0	0	0	0	0	0	0	0	0	0	0	0	0	0	0	0	0	0	0	0	0	0
1084	0	0	75.47	0	18.87	18.87	0	18.87	18.87	0	0	0	0	0	0	75.47	0	169.81	0	0	0	0	0	0	0	0	37.74	75.47	0	0	0	0	0	0	0	0	0	75.47	0	0	0	0	0	415.09	0	0	0	0	0	0	0	0	0	0	0	0	0	0	0	0	0	0	0	0	0	0	0	0	0	0	0
1093	0	0	58.82	0	98.04	39.22	39.22	19.61	0	0	0	0	0	0	0	117.65	0	176.47	0	0	0	0	0	0	0	0	0	0	0	0	0	0	0	0	0	0	0	19.61	0	0	0	0	0	431.37	0	0	0	0	0	0	0	0	0	0	0	0	0	0	0	0	0	0	0	0	0	0	0	0	0	0	0
