stations	Aand	Atax	Btep	Bspo	Iacu	Ipal	Ipar	Ipat	Isph	Istr	Ipli	Ivel	Ijap	Lmac	Mcho	Nlab	Nrig	Ocen	Oisr	Ojan	Olon	Ogig	Pzoh	Pret	Smem	Sdel	Selo	Sram	Sbel	Sben	Sbul	Slaz	Smir	Sgra	Spac	Sspp	Tpel	Pdal	Stri	Imin	Imic	Ibre	Ekar	Bspp	Dubr	Peri	Lspp	Snep	Xxan	Squa	Pnud	Tapp	Tvar	Vcal	Vspi	Pame	Qcon	Psch	Parc	Pkof	Gymn	Eacu	Egra	Edel	Etra	Espp	Sste	Sbif	Cysa	Tvan	Dcha
0.5	0	0	0	0	0	192.592592592593	0	0	0	0	0	0	0	0	0	285.185185185185	0	425.925925925926	0	0	0	0	0	0	0	0	7.40740740740741	0	0	0	0	0	0	0	0	0	0	7.40740740740741	0	11.1111111111111	0	0	0	66.6666666666667	0	0	3.7037037037037	0	0	0	0	0	0	0	0	0	0	0	0	0	0	0	0	0	0	0	0	0	0	0	0
1.5	0	0	0	0	0	183.183183183183	0	0	0	0	0	0	0	0	0	264.264264264264	0	465.465465465465	0	0	0	0	0	0	0	0	0	0	0	0	0	0	0	0	0	0	0	12.012012012012	0	3.003003003003	0	0	0	72.0720720720721	0	0	0	0	0	0	0	0	0	0	0	0	0	0	0	0	0	0	0	0	0	0	0	0	0	0	0
2.5	0	0	0	0	0	187.817258883249	0	0	0	0	0	0	0	0	0	309.644670050761	0	431.472081218274	0	0	0	0	0	0	0	0	0	0	0	0	0	0	0	0	0	0	0	15.2284263959391	0	5.07614213197969	0	0	0	50.761421319797	0	0	0	0	0	0	0	0	0	0	0	0	0	0	0	0	0	0	0	0	0	0	0	0	0	0	0
3.5	0	0	0	0	0	183.544303797468	0	0	6.32911392405063	0	0	0	0	0	0	313.291139240506	0	455.696202531646	0	0	0	0	0	0	0	0	3.16455696202532	0	0	0	0	0	0	0	0	0	0	6.32911392405063	0	0	0	0	0	31.6455696202532	0	0	0	0	0	0	0	0	0	0	0	0	0	0	0	0	0	0	0	0	0	0	0	0	0	0	0
4.5	0	0	0	0	0	113.573407202216	0	0	0	0	0	0	0	0	0	299.168975069252	0	554.016620498615	0	0	0	0	0	0	0	0	0	0	0	0	0	0	0	0	0	0	0	2.77008310249307	0	0	0	0	0	30.4709141274238	0	0	0	0	0	0	0	0	0	0	0	0	0	0	0	0	0	0	0	0	0	0	0	0	0	0	0
5.5	0	0	0	0	0	94.9367088607595	0	0	0	0	0	0	0	0	0	294.303797468354	0	585.443037974684	0	0	0	0	0	0	0	0	0	0	0	0	0	0	0	0	0	0	0	9.49367088607595	0	0	0	0	0	15.8227848101266	0	0	0	0	0	0	0	0	0	0	0	0	0	0	0	0	0	0	0	0	0	0	0	0	0	0	0
6.5	0	0	0	0	0	147.590361445783	0	0	0	0	0	0	0	0	0	310.240963855422	0	524.096385542169	0	0	0	0	0	0	0	0	3.01204819277108	0	0	0	0	0	0	0	0	0	0	0	0	0	0	0	0	15.0602409638554	0	0	0	0	0	0	0	0	0	0	0	0	0	0	0	0	0	0	0	0	0	0	0	0	0	0	0
7.5	0	3.04878048780488	3.04878048780488	0	0	134.146341463415	0	0	3.04878048780488	0	0	0	0	0	0	277.439024390244	0	567.073170731707	0	0	0	0	0	0	0	0	3.04878048780488	0	0	0	0	0	0	0	0	3.04878048780488	0	6.09756097560976	0	0	0	0	0	0	0	0	0	0	0	0	0	0	0	0	0	0	0	0	0	0	0	0	0	0	0	0	0	0	0	0	0
8.5	0	0	0	0	0	77.037037037037	0	0	0	0	0	0	0	0	0	281.481481481482	0	616.296296296296	0	0	0	0	0	0	0	0	13.3333333333333	0	0	0	0	0	0	0	0	0	0	11.8518518518519	0	0	0	0	0	0	0	0	0	0	0	0	0	0	0	0	0	0	0	0	0	0	0	0	0	0	0	0	0	0	0	0	0
9.5	0	0	0	0	0	108.270676691729	0	0	3.00751879699248	0	0	0	0	0	0	306.766917293233	0	565.413533834586	0	0	0	0	0	0	0	0	4.51127819548872	0	0	0	0	0	0	0	0	0	0	12.0300751879699	0	0	0	0	0	0	0	0	0	0	0	0	0	0	0	0	0	0	0	0	0	0	0	0	0	0	0	0	0	0	0	0	0
10.5	0	0	2.95420974889217	0	0	177.25258493353	0	0	1.47710487444609	0	0	0	0	0	0	233.382570162482	0	579.025110782866	0	0	0	0	0	0	0	0	2.95420974889217	2.95420974889217	0	0	0	0	0	0	0	0	0	0	0	0	0	0	0	0	0	0	0	0	0	0	0	0	0	0	0	0	0	0	0	0	0	0	0	0	0	0	0	0	0	0	0
11.5	0	0	0	0	0	94.0919037199125	0	0	4.37636761487965	0	0	0	0	0	0	185.995623632385	0	713.347921225383	0	0	0	0	0	0	0	0	2.18818380743982	0	0	0	0	0	0	0	0	0	0	0	0	0	0	0	0	0	0	0	0	0	0	0	0	0	0	0	0	0	0	0	0	0	0	0	0	0	0	0	0	0	0	0	0
12.5	0	0	0	0	0	119.815668202765	0	0	2.30414746543779	0	0	0	0	0	0	105.990783410138	0	760.36866359447	0	0	0	0	0	0	0	0	4.60829493087558	2.30414746543779	0	0	0	0	0	0	0	2.30414746543779	0	2.30414746543779	0	0	0	0	0	0	0	0	0	0	0	0	0	0	0	0	0	0	0	0	0	0	0	0	0	0	0	0	0	0	0	0	0
13.5	0	0	0	0	0	111.111111111111	0	0	0	0	0	0	0	0	0	102.222222222222	0	782.222222222222	0	0	0	0	0	0	0	0	1.11111111111111	0	0	0	0	0	0	0	0	1.11111111111111	0	2.22222222222222	0	0	0	0	0	0	0	0	0	0	0	0	0	0	0	0	0	0	0	0	0	0	0	0	0	0	0	0	0	0	0	0	0
14.5	0	0	0	0	0	161.434977578475	0	0	3.58744394618834	0	0	0	0	0	0	100.448430493274	0	721.076233183857	0	0	0	0	0	0	0	0	1.79372197309417	5.38116591928251	0	0	0	0	0.896860986547085	0	0	1.79372197309417	0	3.58744394618834	0	0	0	0	0	0	0	0	0	0	0	0	0	0	0	0	0	0	0	0	0	0	0	0	0	0	0	0	0	0	0	0	0
15.5	0	0	1.93610842207164	0	0	259.438528557599	0	0	3.87221684414327	0	0	0	0	0	0	116.166505324298	0	607.938044530494	0	0	0	0	0	0	0	0	7.74443368828654	0	0	0	0	0	0.968054211035818	0	0	1.93610842207164	0	0	0	0	0	0	0	0	0	0	0	0	0	0	0	0	0	0	0	0	0	0	0	0	0	0	0	0	0	0	0	0	0	0	0
16.5	0	0	2.02429149797571	0	0	331.983805668016	0	0	2.02429149797571	0	0	0	0	0	0	101.214574898785	0	550.607287449393	0	0	0	0	0	0	0	0	12.1457489878543	0	0	0	0	0	0	0	0	0	0	0	0	0	0	0	0	0	0	0	0	0	0	0	0	0	0	0	0	0	0	0	0	0	0	0	0	0	0	0	0	0	0	0	0
17.5	0	0	1.94552529182879	0	0	243.190661478599	0	0	5.83657587548638	0	0	0	0	0	0	107.003891050584	0	626.459143968872	0	0	0	0	0	0	0	0	13.6186770428016	0	0	0	0	0	0	0	0	0	0	1.94552529182879	0	0	0	0	0	0	0	0	0	0	0	0	0	0	0	0	0	0	0	0	0	0	0	0	0	0	0	0	0	0	0	0	0
18.5	0	0	0	0	0	268.6230248307	0	0	4.51467268623025	0	0	0	0	0	0	205.417607223476	0	496.613995485327	0	0	0	0	0	0	0	0	15.8013544018059	4.51467268623025	0	0	0	0	0	0	0	2.25733634311512	0	2.25733634311512	0	0	0	0	0	0	0	0	0	0	0	0	0	0	0	0	0	0	0	0	0	0	0	0	0	0	0	0	0	0	0	0	0
19.5	0	0	1.88679245283019	0	0	266.037735849057	0	0	5.66037735849057	0	0	0	0	0	0	224.528301886792	0	492.452830188679	0	0	0	0	0	0	0	0	7.54716981132075	1.88679245283019	0	0	0	0	0	0	0	0	0	0	0	0	0	0	0	0	0	0	0	0	0	0	0	0	0	0	0	0	0	0	0	0	0	0	0	0	0	0	0	0	0	0	0
20.5	0	0	0	0	0	350.636630754163	0	0	3.9177277179236	0	0	0	0	0	0	225.269343780607	0	387.855044074437	0	0	0	0	0	0	0	0	31.3418217433888	0	0	0	0	0	0	0	0	0	0	0	0	0	0	0	0	0	0	0	0	0	0	0	0	0.979431929480901	0	0	0	0	0	0	0	0	0	0	0	0	0	0	0	0	0	0	0
21.5	0	2.14132762312634	2.14132762312634	0	2.14132762312634	445.396145610278	0	0	6.42398286937901	0	0	0	0	1.07066381156317	0	282.655246252677	0	248.394004282655	0	0	0	0	0	0	0	0	8.56531049250535	1.07066381156317	0	0	0	0	0	0	0	0	0	0	0	0	0	0	0	0	0	0	0	0	0	0	0	0	0	0	0	0	0	0	0	0	0	0	0	0	0	0	0	0	0	0	0
22.5	0	0	0	0	0	316.037735849057	0	0	7.07547169811321	0	0	0	0	4.71698113207547	0	290.094339622642	0	360.849056603774	0	0	0	0	0	0	0	0	14.1509433962264	4.71698113207547	0	0	0	0	0	0	0	2.35849056603774	0	0	0	0	0	0	0	0	0	0	0	0	0	0	0	0	0	0	0	0	0	0	0	0	0	0	0	0	0	0	0	0	0	0	0
23.5	0	2.17864923747277	2.17864923747277	0	0	379.084967320261	0	0	6.5359477124183	0	0	0	0	0	0	374.727668845316	0	215.686274509804	0	0	0	0	0	0	0	0	13.0718954248366	4.35729847494553	0	0	0	0	2.17864923747277	0	0	0	0	0	0	0	0	0	0	0	0	0	0	0	0	0	0	0	0	0	0	0	0	0	0	0	0	0	0	0	0	0	0	0	0	0	0
24.5	0	3.7243947858473	0	0	0	439.478584729981	0	0	13.0353817504656	0	0	0	0	0	0	327.746741154562	0	178.77094972067	0	0	0	0	0	0	0	0	33.5195530726257	0	0	0	0	0	0	0	0	0	0	0	0	0	0	0	0	0	0	0	0	0	0	0	0	3.7243947858473	0	0	0	0	0	0	0	0	0	0	0	0	0	0	0	0	0	0	0
25.5	0	0.944287063267233	1.88857412653447	0	0	536.355051935788	0	0	5.6657223796034	0	0	0	0	0	0	375.826251180359	0	58.5457979225685	0	0	0	0	0	0	0	0	15.1085930122757	3.77714825306893	0	0	0	0	0	0	0	1.88857412653447	0	0	0	0	0	0	0	0	0	0	0	0	0	0	0	0	0	0	0	0	0	0	0	0	0	0	0	0	0	0	0	0	0	0	0
26.5	0	0	2.37529691211401	0	0	579.57244655582	0	0	2.37529691211401	0	0	0	0	0	0	318.289786223278	0	61.7577197149644	0	0	0	0	0	0	0	0	26.1282660332542	7.12589073634204	0	0	0	0	0	0	0	2.37529691211401	0	0	0	0	0	0	0	0	0	0	0	0	0	0	0	0	0	0	0	0	0	0	0	0	0	0	0	0	0	0	0	0	0	0	0
27.5	0	0	11.7647058823529	0	0	623.529411764706	2.94117647058824	0	5.88235294117647	0	0	0	0	0	0	235.294117647059	0	85.2941176470588	0	0	0	0	0	0	0	0	23.5294117647059	11.7647058823529	0	0	0	0	0	0	0	0	0	0	0	0	0	0	0	0	0	0	0	0	0	0	0	0	0	0	0	0	0	0	0	0	0	0	0	0	0	0	0	0	0	0	0
28.5	0	3.13479623824451	15.6739811912226	0	0	526.645768025078	0	0	3.13479623824451	0	0	0	0	9.40438871473354	0	238.244514106583	0	125.391849529781	0	0	0	0	0	0	0	0	18.8087774294671	40.7523510971787	0	0	0	0	0	0	0	18.8087774294671	0	0	0	0	0	0	0	0	0	0	0	0	0	0	0	0	0	0	0	0	0	0	0	0	0	0	0	0	0	0	0	0	0	0	0
29.5	0	2.91545189504373	17.4927113702624	0	0	472.303206997085	0	0	2.91545189504373	0	0	0	0	0	0	314.868804664723	0	125.36443148688	0	0	0	0	0	0	0	0	14.5772594752187	20.4081632653061	0	0	0	0	0	0	0	23.3236151603499	0	5.83090379008746	0	0	0	0	0	0	0	0	0	0	0	0	0	0	0	0	0	0	0	0	0	0	0	0	0	0	0	0	0	0	0	0	0
30.5	0	0	9.9009900990099	0	0	495.049504950495	0	0	3.3003300330033	0	0	0	0	9.9009900990099	0	303.630363036304	0	89.1089108910891	0	0	0	0	0	0	0	0	23.1023102310231	39.6039603960396	0	0	0	0	3.3003300330033	0	0	23.1023102310231	0	0	0	0	0	0	0	0	0	0	0	0	0	0	0	0	0	0	0	0	0	0	0	0	0	0	0	0	0	0	0	0	0	0	0
31.5	0	11.2359550561798	28.0898876404494	0	0	303.370786516854	0	0	0	0	0	0	0	11.2359550561798	0	252.808988764045	0	235.955056179775	0	0	0	0	0	0	0	0	5.61797752808989	67.4157303370787	0	0	0	5.61797752808989	0	0	0	73.0337078651685	0	0	0	0	0	0	0	0	0	0	0	0	0	0	0	5.61797752808989	0	0	0	0	0	0	0	0	0	0	0	0	0	0	0	0	0	0	0
