stations	Aand	Atax	Btep	Bspo	Iacu	Ipal	Ipar	Ipat	Isph	Istr	Ipli	Ivel	Ijap	Lmac	Mcho	Nlab	Nrig	Ocen	Oisr	Ojan	Olon	Ogig	Pzoh	Pret	Smem	Sdel	Selo	Sram	Sbel	Sben	Sbul	Slaz	Smir	Sgra	Spac	Sspp	Tpel	Pdal	Stri	Imin	Imic	Ibre	Ekar	Bspp	Dubr	Peri	Lspp	Snep	Xxan	Squa	Pnud	Tapp	Tvar	Vcal	Vspi	Pame	Qcon	 Psch	Parc	Pkof	Gymn	Eacu	Egra	Edel	Etra	Espp	Sste	Sbif	Cysa	Tvan	Dcha
0.005	0.00	0.72	7.23	0.00	0.00	8.68	0.00	0.00	0.72	0.00	0.00	0.00	0.00	0.00	0.00	82.43	0.00	834.42	0.00	0.00	0.00	0.00	0.00	0.72	0.00	0.00	2.89	7.23	0.00	0.00	0.00	1.45	1.45	0.00	0.00	8.68	0.00	36.15	0.00	0.00	0.00	0.00	0.00	4.34	0.00	0.00	0.00	0.00	0.00	2.89	0.00	0.00	0.00	0.00	0.00	0.00	0.00	0.00	0.00	0.00	0.00	0.00	0.00	0.00	0.00	0.00	0.00	0.00	0.00	0.00	0.00
0.025	0.00	0.00	7.84	0.00	0.00	1.31	0.00	0.00	0.00	0.00	0.00	0.00	0.00	0.00	0.00	95.42	0.00	843.14	0.00	0.00	0.00	0.00	0.00	0.00	0.00	0.00	6.54	7.84	0.00	0.00	0.00	1.31	3.92	0.00	0.00	5.23	0.00	27.45	0.00	0.00	0.00	0.00	0.00	0.00	0.00	0.00	0.00	0.00	0.00	0.00	0.00	0.00	0.00	0.00	0.00	0.00	0.00	0.00	0.00	0.00	0.00	0.00	0.00	0.00	0.00	0.00	0.00	0.00	0.00	0.00	0.00
0.035	0.00	0.00	5.62	0.00	0.00	0.00	0.00	0.00	0.00	0.00	0.00	0.00	0.00	0.00	0.00	167.13	0.00	707.87	0.00	0.00	0.00	0.00	0.00	0.00	0.00	0.00	7.02	22.47	0.00	0.00	0.00	1.40	9.83	0.00	0.00	36.52	0.00	35.11	0.00	0.00	0.00	0.00	0.00	0.00	0.00	0.00	0.00	0.00	0.00	0.00	0.00	7.02	0.00	0.00	0.00	0.00	0.00	0.00	0.00	0.00	0.00	0.00	0.00	0.00	0.00	0.00	0.00	0.00	0.00	0.00	0.00
0.085	0.00	3.45	4.60	0.00	0.00	4.60	1.15	0.00	1.15	0.00	0.00	0.00	0.00	0.00	0.00	48.28	0.00	867.82	0.00	0.00	0.00	0.00	0.00	0.00	0.00	0.00	3.45	8.05	0.00	0.00	0.00	1.15	4.60	0.00	0.00	6.90	0.00	29.89	0.00	0.00	0.00	0.00	0.00	9.20	0.00	0.00	0.00	0.00	0.00	2.30	0.00	3.45	0.00	0.00	0.00	0.00	0.00	0.00	0.00	0.00	0.00	0.00	0.00	0.00	0.00	0.00	0.00	0.00	0.00	0.00	0.00
0.105	0.00	2.24	4.47	0.00	0.00	6.71	0.56	0.00	4.47	0.00	0.00	0.00	0.00	0.00	0.00	70.47	0.00	861.30	0.00	0.00	0.00	0.00	0.00	0.00	0.00	0.00	5.59	4.47	0.00	0.00	0.00	1.12	2.24	0.00	0.00	0.00	0.00	15.66	0.00	0.00	0.00	0.00	0.00	15.66	0.00	0.00	0.00	0.00	0.00	0.00	0.00	3.36	0.00	1.12	0.00	0.00	0.56	0.00	0.00	0.00	0.00	0.00	0.00	0.00	0.00	0.00	0.00	0.00	0.00	0.00	0.00
0.125	0.00	3.83	3.83	0.00	0.00	10.22	0.00	0.00	1.28	0.00	0.00	0.00	0.00	0.00	0.00	60.03	0.00	876.12	0.00	0.00	0.00	0.00	0.00	0.00	0.00	0.00	8.94	1.28	0.00	0.00	0.00	0.00	5.11	0.00	0.00	5.11	0.00	14.05	0.00	0.00	0.00	0.00	0.00	8.30	0.00	0.00	0.00	0.00	0.00	0.64	0.00	1.28	0.00	0.00	0.00	0.00	0.00	0.00	0.00	0.00	0.00	0.00	0.00	0.00	0.00	0.00	0.00	0.00	0.00	0.00	0.00
0.145	0.00	1.25	6.27	0.00	0.00	12.53	0.00	0.00	1.25	0.00	0.00	0.00	0.00	0.00	0.00	70.18	0.00	824.56	0.00	0.00	0.00	0.00	0.00	0.00	0.00	0.00	1.25	3.76	0.00	0.00	0.00	0.00	1.25	0.00	0.00	3.76	0.00	21.30	0.00	0.00	0.00	0.00	0.00	42.61	0.00	0.00	0.00	0.00	0.00	3.76	0.00	3.76	0.00	0.00	0.00	0.00	1.25	0.00	0.00	0.00	0.00	0.00	0.00	0.00	0.00	1.25	0.00	0.00	0.00	0.00	0.00
0.165	0.00	1.24	3.71	0.00	0.00	3.71	0.00	0.00	1.24	0.00	0.00	0.00	0.00	0.00	0.00	70.50	0.00	863.33	0.00	0.00	0.00	0.00	0.00	0.00	1.24	0.00	0.00	1.24	0.00	0.00	0.00	1.24	3.71	0.00	0.00	2.47	0.00	13.61	0.00	0.00	0.00	0.00	0.00	30.92	0.00	0.00	0.00	0.00	0.00	0.62	0.00	1.24	0.00	0.00	0.00	0.00	0.00	0.00	0.00	0.00	0.00	0.00	0.00	0.00	0.00	0.00	0.00	0.00	0.00	0.00	0.00
0.185	0.00	0.56	3.37	0.00	0.00	2.24	0.00	0.00	2.24	0.00	0.00	0.00	0.00	0.00	0.00	53.84	0.00	868.20	0.00	0.00	0.00	0.00	0.00	0.00	0.00	0.00	4.49	1.12	0.00	0.00	0.00	0.00	4.49	0.00	0.00	3.37	0.00	12.34	0.00	0.00	0.00	0.00	0.00	39.26	0.00	0.00	0.00	0.00	0.00	1.12	0.00	2.24	0.00	0.00	0.00	0.00	1.12	0.00	0.00	0.00	0.00	0.00	0.00	0.00	0.00	0.00	0.00	0.00	0.00	0.00	0.00
0.205	0.00	0.00	3.75	0.00	0.00	5.00	0.00	0.00	1.25	0.00	0.00	0.00	0.00	0.00	0.00	49.97	0.00	888.19	0.00	0.00	0.00	0.00	0.00	0.00	0.00	0.00	2.50	1.25	0.00	0.00	0.00	0.00	7.50	0.00	0.00	3.75	0.00	14.99	0.00	0.00	0.00	0.00	0.00	18.74	0.00	0.00	0.00	0.00	0.00	0.62	0.00	0.00	0.00	0.00	0.00	0.00	0.00	0.00	0.00	0.00	0.00	2.50	0.00	0.00	0.00	0.00	0.00	0.00	0.00	0.00	0.00
0.225	0.00	0.59	1.17	0.00	0.00	4.69	0.00	0.00	1.17	0.00	0.00	0.00	0.00	0.00	0.00	65.61	0.00	891.62	0.00	0.00	0.00	0.00	0.00	0.00	0.00	0.00	3.51	4.69	0.00	0.00	0.00	0.59	5.86	0.00	0.00	1.17	0.00	11.72	0.00	0.00	0.00	0.00	0.00	5.86	0.00	0.00	0.00	0.00	0.00	0.00	0.00	1.17	0.00	0.00	0.00	0.00	0.00	0.00	0.00	0.00	0.00	0.00	0.00	0.00	0.00	0.59	0.00	0.00	0.00	0.00	0.00
0.265	0.00	2.21	2.21	0.00	0.00	2.21	0.00	0.00	0.55	0.00	0.00	0.00	0.00	0.00	0.00	53.04	0.00	893.92	0.00	0.00	0.00	0.00	0.00	0.00	0.00	0.00	4.42	1.10	0.00	0.00	0.00	0.55	3.31	0.00	0.00	2.21	0.00	16.57	0.00	0.00	0.00	0.00	0.00	14.92	0.00	0.00	0.00	0.00	0.00	0.55	0.00	1.10	0.00	0.00	0.00	0.00	0.00	0.00	0.00	0.00	0.00	0.00	0.00	0.00	0.00	1.10	0.00	0.00	0.00	0.00	0.00
0.285	0.00	0.57	3.41	0.00	0.00	7.95	0.00	0.00	1.14	0.00	0.00	0.00	0.00	0.00	0.00	51.14	0.00	893.18	0.00	0.00	0.00	0.00	0.00	0.00	0.00	0.00	2.27	4.55	0.00	0.00	0.00	0.57	6.82	0.00	0.00	3.41	0.00	12.50	0.00	0.00	0.00	0.00	0.00	11.36	0.00	0.00	0.00	0.00	0.00	0.00	0.00	0.57	0.00	0.00	0.00	0.00	0.57	0.00	0.00	0.00	0.00	0.00	0.00	0.00	0.00	0.00	0.00	0.00	0.00	0.00	0.00
0.300	0.00	2.53	0.00	0.00	0.00	0.00	0.00	0.00	2.53	0.00	0.00	0.00	0.00	0.00	0.00	15.19	0.00	974.68	0.00	0.00	0.00	0.00	0.00	0.00	0.00	0.00	0.00	0.00	0.00	0.00	0.00	0.00	0.00	0.00	0.00	2.53	0.00	0.00	0.00	0.00	0.00	0.00	0.00	2.53	0.00	0.00	0.00	0.00	0.00	0.00	0.00	0.00	0.00	0.00	0.00	0.00	0.00	0.00	0.00	0.00	0.00	0.00	0.00	0.00	0.00	0.00	0.00	0.00	0.00	0.00	0.00
0.320	0.00	2.87	0.00	0.00	0.00	0.00	0.00	0.00	0.00	0.00	0.00	0.00	0.00	0.00	0.00	28.74	0.00	945.40	0.00	0.00	0.00	0.00	0.00	0.00	0.00	0.00	8.62	0.00	0.00	0.00	0.00	0.00	2.87	0.00	0.00	5.75	0.00	0.00	0.00	0.00	0.00	0.00	0.00	5.75	0.00	0.00	0.00	0.00	0.00	0.00	0.00	0.00	0.00	0.00	0.00	0.00	0.00	0.00	0.00	0.00	0.00	0.00	0.00	0.00	0.00	0.00	0.00	0.00	0.00	0.00	0.00
0.340	0.00	2.75	0.00	0.00	0.00	0.00	0.00	0.00	0.00	0.00	0.00	0.00	0.00	0.00	0.00	21.98	0.00	939.56	0.00	0.00	0.00	0.00	0.00	0.00	0.00	0.00	0.00	8.24	0.00	0.00	0.00	0.00	5.49	0.00	0.00	0.00	0.00	0.00	0.00	0.00	0.00	0.00	0.00	21.98	0.00	0.00	0.00	0.00	0.00	0.00	0.00	0.00	0.00	0.00	0.00	0.00	0.00	0.00	0.00	0.00	0.00	0.00	0.00	0.00	0.00	0.00	0.00	0.00	0.00	0.00	0.00
0.360	0.00	0.00	0.00	0.00	0.00	1.61	0.00	0.00	0.00	0.00	0.00	0.00	0.00	0.00	0.00	45.09	0.00	925.93	0.00	0.00	0.00	0.00	0.00	0.00	0.00	0.00	1.61	3.22	0.00	0.00	0.00	0.00	9.66	0.00	0.00	0.00	0.00	3.22	0.00	0.00	0.00	0.00	0.00	8.05	0.00	0.00	0.00	0.00	0.00	0.00	0.00	0.00	0.00	0.00	0.00	0.00	0.00	1.61	0.00	0.00	0.00	0.00	0.00	0.00	0.00	0.00	0.00	0.00	0.00	0.00	0.00
0.380	0.00	2.28	0.00	0.00	0.00	0.00	0.00	0.00	4.56	0.00	0.00	0.00	0.00	0.00	0.00	20.50	0.00	918.00	0.00	0.00	0.00	0.00	0.00	0.00	0.00	0.00	2.28	2.28	0.00	0.00	0.00	0.00	0.00	0.00	0.00	0.00	0.00	0.00	0.00	0.00	0.00	0.00	0.00	43.28	0.00	0.00	0.00	0.00	0.00	0.00	0.00	2.28	0.00	0.00	0.00	0.00	0.00	4.56	0.00	0.00	0.00	0.00	0.00	0.00	0.00	0.00	0.00	0.00	0.00	0.00	0.00
0.400	0.00	0.00	0.00	0.00	0.00	0.00	0.00	0.00	4.26	0.00	0.00	0.00	0.00	0.00	0.00	6.40	0.00	921.11	0.00	0.00	0.00	0.00	0.00	0.00	0.00	0.00	0.00	2.13	0.00	0.00	0.00	0.00	10.66	0.00	0.00	0.00	0.00	2.13	0.00	0.00	0.00	0.00	0.00	46.91	0.00	0.00	0.00	0.00	0.00	0.00	0.00	2.13	0.00	0.00	0.00	0.00	0.00	4.26	0.00	0.00	0.00	0.00	0.00	0.00	0.00	0.00	0.00	0.00	0.00	0.00	0.00
0.420	0.00	0.00	0.00	0.00	0.00	0.00	0.00	0.00	0.00	0.00	0.00	0.00	0.00	0.00	0.00	23.64	0.00	916.36	0.00	0.00	0.00	0.00	0.00	0.00	0.00	0.00	1.82	0.00	0.00	0.00	0.00	0.00	0.00	0.00	0.00	0.00	0.00	9.09	0.00	0.00	0.00	0.00	0.00	41.82	0.00	0.00	0.00	0.00	0.00	1.82	0.00	3.64	0.00	0.00	0.00	0.00	0.00	1.82	0.00	0.00	0.00	0.00	0.00	0.00	0.00	0.00	0.00	0.00	0.00	0.00	0.00
0.440	0.00	1.12	0.00	0.00	0.00	0.00	0.00	0.00	2.25	0.00	0.00	0.00	0.00	0.00	0.00	26.97	0.00	931.46	0.00	0.00	0.00	0.00	0.00	0.00	0.00	0.00	6.74	2.25	0.00	0.00	0.00	0.00	0.00	0.00	0.00	0.00	0.00	2.25	0.00	0.00	0.00	0.00	0.00	24.72	0.00	0.00	0.00	0.00	0.00	2.25	0.00	0.00	0.00	0.00	0.00	0.00	0.00	0.00	0.00	0.00	0.00	0.00	0.00	0.00	0.00	0.00	0.00	0.00	0.00	0.00	0.00
0.460	0.00	1.77	0.00	0.00	0.00	1.77	0.00	0.00	0.00	0.00	0.00	0.00	0.00	0.00	0.00	19.50	0.00	927.30	0.00	0.00	0.00	0.00	0.00	0.00	0.00	0.00	7.09	3.55	0.00	0.00	0.00	0.00	5.32	0.00	0.00	0.00	0.00	0.00	0.00	0.00	0.00	0.00	0.00	30.14	0.00	0.00	0.00	0.00	0.00	1.77	0.00	0.00	0.00	0.00	0.00	0.00	0.00	1.77	0.00	0.00	0.00	0.00	0.00	0.00	0.00	0.00	0.00	0.00	0.00	0.00	0.00
0.480	0.00	1.88	0.00	0.00	0.00	0.00	0.00	0.00	1.88	0.00	0.00	0.00	0.00	0.00	0.00	37.66	0.00	905.84	0.00	0.00	0.00	0.00	0.00	0.00	0.00	0.00	5.65	5.65	0.00	0.00	0.00	0.00	3.77	0.00	0.00	0.00	0.00	1.88	0.00	0.00	0.00	0.00	0.00	33.90	0.00	0.00	0.00	0.00	0.00	0.00	0.00	1.88	0.00	0.00	0.00	0.00	0.00	0.00	0.00	0.00	0.00	0.00	0.00	0.00	0.00	0.00	0.00	0.00	0.00	0.00	0.00
0.500	0.00	0.00	0.00	0.00	0.00	2.80	0.00	0.00	2.80	0.00	0.00	0.00	0.00	0.00	0.00	28.01	0.00	918.77	0.00	0.00	0.00	0.00	0.00	0.00	0.00	0.00	8.40	2.80	0.00	0.00	0.00	0.00	8.40	0.00	0.00	0.00	0.00	0.00	0.00	0.00	0.00	0.00	0.00	28.01	0.00	0.00	0.00	0.00	0.00	0.00	0.00	0.00	0.00	0.00	0.00	0.00	0.00	0.00	0.00	0.00	0.00	0.00	0.00	0.00	0.00	0.00	0.00	0.00	0.00	0.00	0.00
0.520	0.00	2.68	0.00	0.00	0.00	0.00	0.00	0.00	0.00	0.00	0.00	0.00	0.00	0.00	0.00	50.94	0.00	908.85	0.00	0.00	0.00	0.00	0.00	0.00	0.00	0.00	5.36	0.00	0.00	0.00	0.00	0.00	0.00	0.00	0.00	0.00	0.00	2.68	0.00	0.00	0.00	0.00	0.00	21.45	0.00	0.00	0.00	0.00	0.00	8.04	0.00	0.00	0.00	0.00	0.00	0.00	0.00	0.00	0.00	0.00	0.00	0.00	0.00	0.00	0.00	0.00	0.00	0.00	0.00	0.00	0.00
0.540	0.00	0.00	0.00	0.00	0.00	0.00	0.00	0.00	0.00	0.00	0.00	0.00	0.00	0.00	0.00	8.85	0.00	955.75	0.00	0.00	0.00	0.00	0.00	0.00	0.00	0.00	0.00	0.00	0.00	0.00	0.00	0.00	0.00	0.00	0.00	0.00	0.00	8.85	0.00	0.00	0.00	0.00	0.00	26.55	0.00	0.00	0.00	0.00	0.00	0.00	0.00	0.00	0.00	0.00	0.00	0.00	0.00	0.00	0.00	0.00	0.00	0.00	0.00	0.00	0.00	0.00	0.00	0.00	0.00	0.00	0.00
0.560	0.00	0.00	0.00	0.00	0.00	0.00	0.00	0.00	2.28	0.00	0.00	0.00	0.00	0.00	0.00	41.00	0.00	936.22	0.00	0.00	0.00	0.00	0.00	0.00	0.00	0.00	6.83	4.56	0.00	0.00	0.00	0.00	2.28	0.00	0.00	0.00	0.00	2.28	0.00	0.00	0.00	0.00	0.00	4.56	0.00	0.00	0.00	0.00	0.00	0.00	0.00	0.00	0.00	0.00	0.00	0.00	0.00	0.00	0.00	0.00	0.00	0.00	0.00	0.00	0.00	0.00	0.00	0.00	0.00	0.00	0.00
0.580	0.00	0.00	0.00	0.00	0.00	0.00	0.00	0.00	2.75	0.00	0.00	0.00	0.00	0.00	0.00	57.69	0.00	925.82	0.00	0.00	0.00	0.00	0.00	0.00	0.00	0.00	0.00	0.00	0.00	0.00	0.00	0.00	2.75	0.00	0.00	0.00	0.00	5.49	0.00	0.00	0.00	0.00	0.00	2.75	0.00	0.00	0.00	0.00	0.00	2.75	0.00	0.00	0.00	0.00	0.00	0.00	0.00	0.00	0.00	0.00	0.00	0.00	0.00	0.00	0.00	0.00	0.00	0.00	0.00	0.00	0.00
0.600	0.00	0.00	0.00	0.00	0.00	3.29	0.00	0.00	9.87	0.00	0.00	0.00	0.00	0.00	0.00	164.47	0.00	809.21	0.00	0.00	0.00	0.00	0.00	0.00	0.00	0.00	3.29	0.00	0.00	0.00	0.00	0.00	3.29	0.00	0.00	0.00	0.00	0.00	0.00	0.00	0.00	0.00	0.00	6.58	0.00	0.00	0.00	0.00	0.00	0.00	0.00	0.00	0.00	0.00	0.00	0.00	0.00	0.00	0.00	0.00	0.00	0.00	0.00	0.00	0.00	0.00	0.00	0.00	0.00	0.00	0.00
0.620	0.00	0.00	0.00	0.00	0.00	0.00	0.00	0.00	4.93	0.00	0.00	0.00	0.00	0.00	0.00	24.63	0.00	938.42	0.00	0.00	0.00	0.00	0.00	0.00	0.00	0.00	0.00	7.39	0.00	0.00	0.00	0.00	12.32	0.00	0.00	0.00	0.00	0.00	0.00	0.00	0.00	0.00	0.00	12.32	0.00	0.00	0.00	0.00	0.00	0.00	0.00	0.00	0.00	0.00	0.00	0.00	0.00	0.00	0.00	0.00	0.00	0.00	0.00	0.00	0.00	0.00	0.00	0.00	0.00	0.00	0.00
0.640	0.00	0.00	0.00	0.00	0.00	0.00	0.00	0.00	5.38	0.00	0.00	0.00	0.00	0.00	0.00	69.89	0.00	892.47	0.00	0.00	0.00	0.00	0.00	0.00	0.00	0.00	2.69	5.38	0.00	0.00	0.00	0.00	2.69	0.00	0.00	0.00	0.00	0.00	0.00	0.00	0.00	0.00	0.00	18.82	0.00	0.00	0.00	0.00	0.00	2.69	0.00	0.00	0.00	0.00	0.00	0.00	0.00	0.00	0.00	0.00	0.00	0.00	0.00	0.00	0.00	0.00	0.00	0.00	0.00	0.00	0.00
0.660	0.00	0.00	0.00	0.00	0.00	2.97	0.00	0.00	2.97	0.00	0.00	0.00	0.00	0.00	0.00	5.93	0.00	955.49	0.00	0.00	0.00	0.00	0.00	0.00	0.00	0.00	5.93	2.97	0.00	0.00	0.00	0.00	8.90	0.00	0.00	0.00	0.00	2.97	0.00	0.00	0.00	0.00	0.00	8.90	0.00	0.00	0.00	0.00	0.00	0.00	0.00	0.00	0.00	0.00	0.00	0.00	0.00	2.97	0.00	0.00	0.00	0.00	0.00	0.00	0.00	0.00	0.00	0.00	0.00	0.00	0.00
0.680	0.00	0.00	0.00	0.00	0.00	2.30	0.00	0.00	2.30	0.00	0.00	0.00	0.00	0.00	0.00	25.29	0.00	924.14	0.00	0.00	0.00	0.00	0.00	0.00	0.00	0.00	11.49	4.60	0.00	0.00	0.00	0.00	2.30	0.00	0.00	0.00	0.00	2.30	0.00	0.00	0.00	0.00	0.00	25.29	0.00	0.00	0.00	0.00	0.00	0.00	0.00	0.00	0.00	0.00	0.00	0.00	0.00	0.00	0.00	0.00	0.00	0.00	0.00	0.00	0.00	0.00	0.00	0.00	0.00	0.00	0.00
0.700	0.00	0.00	0.00	0.00	1.66	1.66	0.00	0.00	1.66	0.00	0.00	0.00	0.00	0.00	0.00	51.58	0.00	920.13	0.00	0.00	0.00	0.00	0.00	0.00	0.00	0.00	0.00	1.66	0.00	0.00	0.00	0.00	8.32	0.00	0.00	0.00	0.00	3.33	0.00	0.00	0.00	0.00	0.00	9.98	0.00	0.00	0.00	0.00	0.00	0.00	0.00	0.00	0.00	0.00	0.00	0.00	0.00	0.00	0.00	0.00	0.00	0.00	0.00	0.00	0.00	0.00	0.00	0.00	0.00	0.00	0.00
0.720	0.00	0.00	0.00	0.00	0.00	2.39	0.00	0.00	2.39	0.00	0.00	0.00	0.00	0.00	0.00	45.35	0.00	921.24	0.00	0.00	0.00	0.00	0.00	0.00	0.00	0.00	2.39	4.77	0.00	0.00	0.00	0.00	11.93	0.00	0.00	2.39	0.00	0.00	0.00	0.00	0.00	0.00	0.00	7.16	0.00	0.00	0.00	0.00	0.00	0.00	0.00	0.00	0.00	0.00	0.00	0.00	0.00	0.00	0.00	0.00	0.00	0.00	0.00	0.00	0.00	0.00	0.00	0.00	0.00	0.00	0.00
0.760	0.00	0.00	0.00	0.00	0.00	0.00	0.00	0.00	0.00	0.00	0.00	0.00	0.00	0.00	0.00	130.16	0.00	853.97	0.00	0.00	0.00	0.00	0.00	0.00	0.00	0.00	6.35	6.35	0.00	0.00	0.00	0.00	0.00	0.00	0.00	0.00	0.00	3.17	0.00	0.00	0.00	0.00	0.00	0.00	0.00	0.00	0.00	0.00	0.00	0.00	0.00	0.00	0.00	0.00	0.00	0.00	0.00	0.00	0.00	0.00	0.00	0.00	0.00	0.00	0.00	0.00	0.00	0.00	0.00	0.00	0.00
0.780	0.00	0.00	0.00	0.00	2.96	0.00	0.00	0.00	8.88	0.00	0.00	0.00	0.00	0.00	0.00	85.80	0.00	869.82	0.00	0.00	0.00	0.00	0.00	0.00	0.00	0.00	5.92	11.83	0.00	0.00	0.00	0.00	11.83	0.00	0.00	2.96	0.00	0.00	0.00	0.00	0.00	0.00	0.00	0.00	0.00	0.00	0.00	0.00	0.00	0.00	0.00	0.00	0.00	0.00	0.00	0.00	0.00	0.00	0.00	0.00	0.00	0.00	0.00	0.00	0.00	0.00	0.00	0.00	0.00	0.00	0.00
0.800	0.00	0.00	0.00	0.00	0.00	0.00	0.00	0.00	27.47	0.00	0.00	0.00	0.00	0.00	0.00	76.92	0.00	846.15	0.00	0.00	0.00	0.00	0.00	0.00	0.00	0.00	0.00	5.49	0.00	0.00	0.00	0.00	0.00	0.00	0.00	5.49	0.00	5.49	0.00	0.00	0.00	0.00	0.00	27.47	0.00	0.00	0.00	0.00	0.00	0.00	0.00	0.00	0.00	0.00	0.00	0.00	0.00	5.49	0.00	0.00	0.00	0.00	0.00	0.00	0.00	0.00	0.00	0.00	0.00	0.00	0.00
0.820	0.00	0.00	0.00	0.00	0.00	0.00	0.00	0.00	13.47	0.00	0.00	0.00	0.00	0.00	0.00	70.71	0.00	845.12	0.00	0.00	0.00	0.00	0.00	0.00	0.00	0.00	3.37	16.84	0.00	0.00	0.00	0.00	10.10	0.00	0.00	0.00	0.00	6.73	0.00	0.00	0.00	0.00	0.00	33.67	0.00	0.00	0.00	0.00	0.00	0.00	0.00	0.00	0.00	0.00	0.00	0.00	0.00	0.00	0.00	0.00	0.00	0.00	0.00	0.00	0.00	0.00	0.00	0.00	0.00	0.00	0.00
0.840	0.00	0.00	0.00	0.00	0.00	0.00	0.00	0.00	0.00	0.00	0.00	0.00	0.00	0.00	0.00	70.18	0.00	850.88	0.00	0.00	0.00	0.00	0.00	0.00	0.00	0.00	13.16	0.00	0.00	0.00	0.00	0.00	21.93	0.00	0.00	0.00	0.00	4.39	0.00	0.00	0.00	0.00	0.00	30.70	0.00	0.00	0.00	0.00	0.00	0.00	0.00	4.39	0.00	0.00	0.00	0.00	0.00	4.39	0.00	0.00	0.00	0.00	0.00	0.00	0.00	0.00	0.00	0.00	0.00	0.00	0.00
0.860	0.00	0.00	0.00	0.00	0.00	1.21	0.00	0.00	9.65	0.00	0.00	0.00	0.00	0.00	0.00	79.61	0.00	878.17	0.00	0.00	0.00	0.00	0.00	0.00	0.00	0.00	10.86	12.06	0.00	0.00	0.00	0.00	2.41	0.00	0.00	0.00	0.00	3.62	0.00	0.00	0.00	0.00	0.00	2.41	0.00	0.00	0.00	0.00	0.00	0.00	0.00	0.00	0.00	0.00	0.00	0.00	0.00	0.00	0.00	0.00	0.00	0.00	0.00	0.00	0.00	0.00	0.00	0.00	0.00	0.00	0.00
0.880	0.00	0.00	0.00	0.00	0.00	4.84	0.00	0.00	1.61	0.00	0.00	0.00	0.00	0.00	0.00	143.55	0.00	817.74	0.00	0.00	0.00	0.00	0.00	0.00	0.00	0.00	9.68	8.06	0.00	0.00	0.00	0.00	4.84	0.00	0.00	0.00	0.00	3.23	0.00	0.00	0.00	0.00	0.00	6.45	0.00	0.00	0.00	0.00	0.00	0.00	0.00	0.00	0.00	0.00	0.00	0.00	0.00	0.00	0.00	0.00	0.00	0.00	0.00	0.00	0.00	0.00	0.00	0.00	0.00	0.00	0.00
0.900	0.00	0.00	0.00	0.00	0.00	2.19	0.00	0.00	4.39	0.00	0.00	0.00	0.00	0.00	0.00	107.46	0.00	855.26	0.00	0.00	0.00	0.00	0.00	0.00	0.00	0.00	6.58	2.19	0.00	0.00	0.00	0.00	17.54	0.00	0.00	2.19	0.00	0.00	0.00	0.00	0.00	0.00	0.00	2.19	0.00	0.00	0.00	0.00	0.00	0.00	0.00	0.00	0.00	0.00	0.00	0.00	0.00	0.00	0.00	0.00	0.00	0.00	0.00	0.00	0.00	0.00	0.00	0.00	0.00	0.00	0.00
0.920	0.00	0.00	0.00	0.00	0.00	0.00	0.00	0.00	15.79	0.00	0.00	0.00	0.00	0.00	0.00	126.32	0.00	807.89	0.00	0.00	0.00	0.00	0.00	0.00	0.00	0.00	10.53	5.26	0.00	0.00	0.00	0.00	5.26	0.00	0.00	7.89	0.00	5.26	0.00	0.00	0.00	0.00	0.00	10.53	0.00	0.00	0.00	0.00	0.00	2.63	0.00	0.00	0.00	0.00	0.00	0.00	0.00	2.63	0.00	0.00	0.00	0.00	0.00	0.00	0.00	0.00	0.00	0.00	0.00	0.00	0.00
0.940	0.00	0.00	0.00	0.00	0.00	6.44	0.00	0.00	2.15	0.00	0.00	0.00	0.00	0.00	0.00	109.44	0.00	817.60	0.00	0.00	0.00	0.00	0.00	0.00	0.00	0.00	17.17	2.15	0.00	0.00	0.00	0.00	21.46	0.00	0.00	4.29	0.00	0.00	0.00	0.00	0.00	0.00	0.00	19.31	0.00	0.00	0.00	0.00	0.00	0.00	0.00	0.00	0.00	0.00	0.00	0.00	0.00	0.00	0.00	0.00	0.00	0.00	0.00	0.00	0.00	0.00	0.00	0.00	0.00	0.00	0.00
0.960	0.00	0.00	0.00	0.00	0.00	0.00	0.00	0.00	4.26	0.00	0.00	0.00	0.00	0.00	0.00	147.12	0.00	793.18	0.00	0.00	0.00	0.00	0.00	0.00	0.00	0.00	10.66	4.26	0.00	0.00	0.00	0.00	12.79	0.00	0.00	4.26	0.00	0.00	0.00	0.00	0.00	0.00	0.00	23.45	0.00	0.00	0.00	0.00	0.00	0.00	0.00	0.00	0.00	0.00	0.00	0.00	0.00	0.00	0.00	0.00	0.00	0.00	0.00	0.00	0.00	0.00	0.00	0.00	0.00	0.00	0.00
0.980	0.00	0.00	0.00	0.00	0.00	0.00	0.00	0.00	2.11	0.00	0.00	0.00	0.00	0.00	0.00	147.68	0.00	801.69	0.00	0.00	0.00	0.00	0.00	0.00	0.00	0.00	12.66	10.55	0.00	0.00	0.00	0.00	10.55	0.00	0.00	4.22	0.00	0.00	0.00	0.00	0.00	0.00	0.00	10.55	0.00	0.00	0.00	0.00	0.00	0.00	0.00	0.00	0.00	0.00	0.00	0.00	0.00	0.00	0.00	0.00	0.00	0.00	0.00	0.00	0.00	0.00	0.00	0.00	0.00	0.00	0.00
1.000	0.00	0.00	1.22	0.00	0.00	2.44	0.00	0.00	6.11	0.00	0.00	0.00	0.00	0.00	0.00	145.30	0.00	799.76	0.00	0.00	0.00	0.00	0.00	0.00	0.00	0.00	8.55	9.77	0.00	0.00	0.00	0.00	10.99	0.00	0.00	0.00	0.00	6.11	0.00	1.22	0.00	0.00	0.00	8.55	0.00	0.00	0.00	0.00	0.00	0.00	0.00	0.00	0.00	0.00	0.00	0.00	0.00	0.00	0.00	0.00	0.00	0.00	0.00	0.00	0.00	0.00	0.00	0.00	0.00	0.00	0.00
1.020	0.00	0.00	3.70	0.00	0.00	5.55	0.00	0.00	3.70	0.00	0.00	0.00	0.00	0.00	0.00	161.89	0.00	790.01	0.00	0.00	0.00	0.00	0.00	0.00	0.00	0.00	11.10	1.85	0.00	0.00	0.00	0.00	5.55	0.00	0.00	3.70	0.00	2.78	0.00	0.00	0.00	0.00	0.00	10.18	0.00	0.00	0.00	0.00	0.00	0.00	0.00	0.00	0.00	0.00	0.00	0.00	0.00	0.00	0.00	0.00	0.00	0.00	0.00	0.00	0.00	0.00	0.00	0.00	0.00	0.00	0.00
1.040	0.00	0.00	2.64	0.00	0.00	2.64	0.00	0.00	6.16	0.00	0.00	0.00	0.00	0.00	0.00	186.46	0.00	758.14	0.00	0.00	0.00	0.00	0.00	0.00	0.00	0.00	8.80	15.83	0.00	0.00	0.00	0.00	8.80	0.00	0.00	4.40	0.00	5.28	0.00	0.00	0.00	0.00	0.00	0.88	0.00	0.00	0.00	0.00	0.00	0.00	0.00	0.00	0.00	0.00	0.00	0.00	0.00	0.00	0.00	0.00	0.00	0.00	0.00	0.00	0.00	0.00	0.00	0.00	0.00	0.00	0.00
1.060	0.00	0.00	3.78	0.00	0.00	0.95	0.00	0.00	1.89	0.00	0.00	0.00	0.00	0.00	0.00	207.94	0.00	742.91	0.00	0.00	0.00	0.00	0.00	0.00	0.00	0.00	9.45	15.12	0.00	0.00	0.00	0.00	6.62	0.00	0.00	3.78	0.00	1.89	0.00	0.00	0.00	0.00	0.00	5.67	0.00	0.00	0.00	0.00	0.00	0.00	0.00	0.00	0.00	0.00	0.00	0.00	0.00	0.00	0.00	0.00	0.00	0.00	0.00	0.00	0.00	0.00	0.00	0.00	0.00	0.00	0.00
1.080	0.00	0.00	7.52	0.00	0.00	6.27	0.00	0.00	2.51	0.00	0.00	0.00	0.00	0.00	0.00	243.11	0.00	691.73	0.00	0.00	0.00	0.00	0.00	0.00	0.00	0.00	7.52	5.01	0.00	0.00	0.00	0.00	2.51	0.00	0.00	8.77	0.00	8.77	0.00	1.25	0.00	0.00	0.00	13.78	0.00	0.00	0.00	0.00	0.00	0.00	0.00	1.25	0.00	0.00	0.00	0.00	0.00	0.00	0.00	0.00	0.00	0.00	0.00	0.00	0.00	0.00	0.00	0.00	0.00	0.00	0.00
1.100	0.00	0.00	6.12	0.00	0.00	14.29	0.00	0.00	2.04	0.00	0.00	0.00	0.00	0.00	0.00	271.43	0.00	636.73	0.00	0.00	0.00	0.00	0.00	0.00	0.00	0.00	12.24	8.16	0.00	0.00	0.00	0.00	6.12	0.00	0.00	6.12	0.00	18.37	8.16	0.00	0.00	0.00	0.00	10.20	0.00	0.00	0.00	0.00	0.00	0.00	0.00	0.00	0.00	0.00	0.00	0.00	0.00	0.00	0.00	0.00	0.00	0.00	0.00	0.00	0.00	0.00	0.00	0.00	0.00	0.00	0.00
1.120	0.00	0.00	14.29	0.00	0.00	12.50	0.00	0.00	1.79	0.00	0.00	0.00	0.00	0.00	0.00	405.36	0.00	492.86	0.00	0.00	0.00	0.00	0.00	0.00	0.00	0.00	12.50	12.50	0.00	0.00	0.00	0.00	0.00	0.00	0.00	16.07	0.00	23.21	0.00	0.00	0.00	0.00	0.00	7.14	0.00	0.00	0.00	0.00	0.00	0.00	0.00	0.00	0.00	0.00	0.00	0.00	0.00	0.00	0.00	0.00	0.00	0.00	0.00	0.00	0.00	0.00	0.00	0.00	0.00	0.00	0.00
1.140	0.00	0.00	10.74	0.00	0.00	10.74	0.90	0.00	1.79	0.00	0.00	0.00	0.00	0.00	0.00	433.30	0.00	485.23	0.00	0.00	0.00	0.00	0.00	0.00	0.00	0.00	3.58	10.74	0.00	0.00	0.00	0.00	0.90	0.00	0.00	8.06	0.00	24.17	0.00	0.00	0.00	0.00	0.00	8.06	0.00	0.00	0.00	0.00	0.00	0.00	0.00	0.00	0.00	0.00	0.00	0.00	0.00	0.90	0.00	0.00	0.00	0.00	0.00	0.00	0.00	0.00	0.00	0.00	0.00	0.00	0.00
1.160	0.00	0.00	11.70	0.00	0.00	17.54	0.00	0.00	2.92	0.00	0.00	0.00	0.00	0.00	0.00	488.30	0.00	356.73	0.00	0.00	0.00	0.00	0.00	0.00	0.00	0.00	8.77	0.00	0.00	0.00	0.00	0.00	0.00	0.00	0.00	2.92	0.00	35.09	8.77	0.00	0.00	0.00	0.00	67.25	0.00	0.00	0.00	0.00	0.00	0.00	0.00	0.00	0.00	0.00	0.00	0.00	0.00	0.00	0.00	0.00	0.00	0.00	0.00	0.00	0.00	0.00	0.00	0.00	0.00	0.00	0.00
1.180	0.00	0.00	8.39	0.00	0.00	6.71	0.00	0.00	3.36	0.00	0.00	0.00	0.00	0.00	0.00	399.33	0.00	523.49	0.00	0.00	0.00	0.00	0.00	0.00	0.00	0.00	6.71	6.71	0.00	0.00	0.00	0.00	0.00	0.00	0.00	3.36	0.00	11.74	3.36	0.00	0.00	0.00	0.00	25.17	0.00	0.00	0.00	0.00	0.00	0.00	0.00	0.00	0.00	0.00	0.00	0.00	0.00	1.68	0.00	0.00	0.00	0.00	0.00	0.00	0.00	0.00	0.00	0.00	0.00	0.00	0.00
1.200	0.00	0.00	6.50	0.00	0.00	3.90	0.00	0.00	2.60	0.00	0.00	0.00	0.00	0.00	0.00	466.84	0.00	462.94	0.00	0.00	0.00	0.00	0.00	0.00	0.00	0.00	5.20	7.80	0.00	0.00	0.00	0.00	3.90	0.00	0.00	9.10	0.00	15.60	2.60	0.00	0.00	0.00	0.00	13.00	0.00	0.00	0.00	0.00	0.00	0.00	0.00	0.00	0.00	0.00	0.00	0.00	0.00	0.00	0.00	0.00	0.00	0.00	0.00	0.00	0.00	0.00	0.00	0.00	0.00	0.00	0.00
1.220	0.00	4.31	5.75	0.00	0.00	5.75	0.00	0.00	0.00	0.00	0.00	0.00	0.00	0.00	0.00	443.97	0.00	466.95	0.00	0.00	0.00	0.00	0.00	0.00	0.00	0.00	10.06	7.18	0.00	0.00	0.00	0.00	1.44	0.00	0.00	14.37	0.00	14.37	5.75	0.00	0.00	0.00	0.00	17.24	0.00	0.00	0.00	0.00	0.00	0.00	0.00	2.87	0.00	0.00	0.00	0.00	0.00	0.00	0.00	0.00	0.00	0.00	0.00	0.00	0.00	0.00	0.00	0.00	0.00	0.00	0.00
1.240	0.00	0.00	4.82	0.00	0.00	8.03	0.00	0.00	3.21	0.00	0.00	0.00	0.00	1.61	0.00	423.76	0.00	484.75	0.00	0.00	0.00	0.00	0.00	0.00	0.00	0.00	4.82	3.21	0.00	0.00	0.00	0.00	1.61	0.00	0.00	11.24	0.00	19.26	3.21	0.00	0.00	0.00	0.00	25.68	0.00	0.00	0.00	0.00	0.00	0.00	0.00	0.00	0.00	0.00	0.00	0.00	0.00	3.21	0.00	0.00	0.00	0.00	0.00	0.00	0.00	0.00	0.00	0.00	0.00	0.00	0.00
1.260	0.00	0.00	4.37	0.00	0.00	8.75	0.00	0.00	0.00	0.00	0.00	0.00	0.00	0.00	0.00	494.17	0.00	443.15	0.00	0.00	0.00	0.00	0.00	0.00	0.00	0.00	7.29	7.29	0.00	0.00	0.00	0.00	1.46	0.00	0.00	7.29	0.00	14.58	0.00	0.00	0.00	0.00	0.00	10.20	0.00	0.00	0.00	0.00	0.00	0.00	0.00	0.00	0.00	0.00	0.00	0.00	0.00	0.00	0.00	0.00	0.00	0.00	0.00	0.00	0.00	1.46	0.00	0.00	0.00	0.00	0.00
1.290	0.00	1.68	1.68	0.00	0.00	3.35	0.00	0.00	1.68	0.00	0.00	0.00	0.00	0.00	0.00	467.34	0.00	450.59	0.00	0.00	0.00	0.00	0.00	0.00	0.00	0.00	10.05	10.05	0.00	0.00	0.00	0.00	0.00	0.00	0.00	3.35	0.00	16.75	5.03	0.00	0.00	0.00	0.00	28.48	0.00	0.00	0.00	0.00	0.00	0.00	0.00	0.00	0.00	0.00	0.00	0.00	0.00	0.00	0.00	0.00	0.00	0.00	0.00	0.00	0.00	0.00	0.00	0.00	0.00	0.00	0.00
1.300	0.00	0.00	10.64	0.00	0.00	7.09	0.00	0.00	3.55	0.00	0.00	0.00	0.00	0.00	0.00	464.54	0.00	416.67	0.00	0.00	0.00	0.00	0.00	0.00	0.00	0.00	5.32	7.09	0.00	0.00	0.00	0.00	5.32	0.00	0.00	15.96	0.00	17.73	0.00	0.00	0.00	0.00	0.00	33.69	0.00	0.00	0.00	0.00	0.00	0.00	0.00	8.87	0.00	0.00	0.00	0.00	0.00	3.55	0.00	0.00	0.00	0.00	0.00	0.00	0.00	0.00	0.00	0.00	0.00	0.00	0.00
1.320	0.00	0.00	4.74	0.00	0.00	14.22	0.00	0.00	4.74	0.00	0.00	0.00	0.00	0.00	0.00	573.46	0.00	293.84	0.00	0.00	0.00	0.00	0.00	0.00	0.00	0.00	11.85	21.33	0.00	0.00	0.00	0.00	4.74	0.00	0.00	7.11	0.00	35.55	7.11	0.00	0.00	0.00	0.00	16.59	0.00	0.00	0.00	0.00	0.00	0.00	0.00	0.00	0.00	0.00	0.00	0.00	0.00	4.74	0.00	0.00	0.00	0.00	0.00	0.00	0.00	0.00	0.00	0.00	0.00	0.00	0.00
1.340	0.00	0.00	3.18	0.00	0.00	12.72	0.00	0.00	3.18	0.00	0.00	0.00	0.00	0.00	0.00	570.75	0.00	303.66	0.00	0.00	0.00	0.00	0.00	0.00	0.00	0.00	4.77	4.77	0.00	0.00	0.00	0.00	3.18	0.00	0.00	7.95	0.00	14.31	6.36	0.00	0.00	0.00	0.00	55.64	0.00	0.00	0.00	0.00	0.00	0.00	0.00	3.18	0.00	0.00	0.00	0.00	0.00	3.18	0.00	0.00	0.00	0.00	0.00	0.00	0.00	3.18	0.00	0.00	0.00	0.00	0.00
1.360	0.00	0.00	3.02	0.00	0.00	5.04	0.00	0.00	0.00	0.00	0.00	0.00	0.00	0.00	0.00	659.27	0.00	276.21	0.00	0.00	0.00	0.00	0.00	0.00	0.00	0.00	5.04	5.04	0.00	0.00	0.00	0.00	2.02	0.00	0.00	6.05	0.00	15.12	0.00	1.01	0.00	0.00	0.00	21.17	0.00	0.00	0.00	0.00	0.00	0.00	0.00	1.01	0.00	0.00	0.00	0.00	0.00	0.00	0.00	0.00	0.00	0.00	0.00	0.00	0.00	0.00	0.00	0.00	0.00	0.00	0.00
1.380	0.00	0.00	5.28	0.00	0.00	1.32	0.00	0.00	3.96	0.00	0.00	0.00	0.00	0.00	0.00	686.02	0.00	261.21	0.00	0.00	0.00	0.00	0.00	0.00	0.00	0.00	3.96	0.00	0.00	0.00	0.00	0.00	1.32	0.00	0.00	5.28	0.00	11.87	0.00	1.32	0.00	0.00	0.00	15.83	0.00	0.00	0.00	0.00	0.00	0.00	0.00	2.64	0.00	0.00	0.00	0.00	0.00	0.00	0.00	0.00	0.00	0.00	0.00	0.00	0.00	0.00	0.00	0.00	0.00	0.00	0.00
1.400	0.00	0.00	0.00	0.00	2.16	0.00	0.00	0.00	2.16	0.00	0.00	0.00	0.00	0.00	0.00	689.66	0.00	254.31	0.00	0.00	0.00	0.00	0.00	0.00	0.00	0.00	10.78	19.40	0.00	0.00	0.00	0.00	6.47	0.00	0.00	2.16	0.00	6.47	0.00	0.00	2.16	0.00	0.00	4.31	0.00	0.00	0.00	0.00	0.00	0.00	0.00	0.00	0.00	0.00	0.00	0.00	0.00	0.00	0.00	0.00	0.00	0.00	0.00	0.00	0.00	0.00	0.00	0.00	0.00	0.00	0.00
1.420	0.00	0.00	6.59	0.00	0.00	13.19	0.00	0.00	0.00	0.00	0.00	0.00	0.00	0.00	0.00	661.54	0.00	191.21	0.00	0.00	0.00	0.00	0.00	0.00	0.00	0.00	13.19	0.00	0.00	0.00	0.00	0.00	4.40	0.00	0.00	8.79	0.00	28.57	8.79	0.00	0.00	0.00	0.00	61.54	0.00	0.00	0.00	0.00	0.00	0.00	0.00	2.20	0.00	0.00	0.00	0.00	0.00	0.00	0.00	0.00	0.00	0.00	0.00	0.00	0.00	0.00	0.00	0.00	0.00	0.00	0.00
1.440	0.00	0.00	9.38	0.00	0.00	18.75	0.00	0.00	9.38	0.00	0.00	0.00	0.00	0.00	0.00	593.75	0.00	290.63	0.00	0.00	0.00	0.00	0.00	0.00	0.00	0.00	12.50	6.25	0.00	0.00	0.00	0.00	0.00	0.00	0.00	0.00	0.00	21.88	0.00	0.00	0.00	0.00	0.00	25.00	0.00	0.00	0.00	0.00	0.00	0.00	0.00	6.25	0.00	0.00	0.00	0.00	0.00	6.25	0.00	0.00	0.00	0.00	0.00	0.00	0.00	0.00	0.00	0.00	0.00	0.00	0.00
1.460	0.00	0.00	2.81	0.00	0.00	22.47	0.00	0.00	0.00	0.00	0.00	0.00	0.00	0.00	0.00	626.40	0.00	216.29	0.00	0.00	0.00	0.00	0.00	0.00	0.00	0.00	42.13	5.62	0.00	0.00	0.00	0.00	0.00	0.00	0.00	5.62	0.00	39.33	5.62	0.00	0.00	0.00	0.00	30.90	0.00	0.00	0.00	0.00	0.00	0.00	0.00	2.81	0.00	0.00	0.00	0.00	0.00	0.00	0.00	0.00	0.00	0.00	0.00	0.00	0.00	0.00	0.00	0.00	0.00	0.00	0.00
1.480	0.00	0.00	0.00	0.00	0.00	4.67	0.00	0.00	0.00	0.00	0.00	0.00	0.00	0.00	0.00	630.84	0.00	294.39	0.00	0.00	0.00	0.00	0.00	0.00	0.00	0.00	18.69	0.00	0.00	0.00	0.00	0.00	4.67	0.00	0.00	14.02	0.00	4.67	0.00	0.00	0.00	0.00	0.00	28.04	0.00	0.00	0.00	0.00	0.00	0.00	0.00	0.00	0.00	0.00	0.00	0.00	0.00	0.00	0.00	0.00	0.00	0.00	0.00	0.00	0.00	0.00	0.00	0.00	0.00	0.00	0.00
1.500	0.00	0.00	40.11	0.00	0.00	21.39	0.00	0.00	10.70	0.00	0.00	0.00	0.00	0.00	0.00	500.00	0.00	302.14	0.00	0.00	0.00	0.00	0.00	0.00	0.00	0.00	18.72	0.00	0.00	0.00	0.00	0.00	10.70	0.00	0.00	21.39	0.00	45.45	0.00	0.00	0.00	0.00	0.00	21.39	0.00	0.00	0.00	0.00	0.00	2.67	0.00	2.67	0.00	0.00	0.00	0.00	0.00	2.67	0.00	0.00	0.00	0.00	0.00	0.00	0.00	0.00	0.00	0.00	0.00	0.00	0.00
1.520	0.00	0.00	0.00	0.00	0.00	16.30	0.00	0.00	2.72	0.00	0.00	0.00	0.00	0.00	0.00	557.07	0.00	323.37	0.00	0.00	0.00	0.00	0.00	0.00	0.00	0.00	13.59	13.59	0.00	0.00	0.00	0.00	0.00	0.00	0.00	8.15	0.00	32.61	0.00	2.72	0.00	0.00	0.00	21.74	0.00	0.00	0.00	0.00	0.00	0.00	0.00	2.72	0.00	0.00	0.00	0.00	0.00	2.72	0.00	0.00	0.00	0.00	0.00	0.00	0.00	2.72	0.00	0.00	0.00	0.00	0.00
1.540	0.00	2.34	4.68	0.00	0.00	30.44	0.00	0.00	4.68	0.00	0.00	0.00	0.00	0.00	0.00	555.04	0.00	290.40	0.00	0.00	0.00	0.00	0.00	0.00	0.00	0.00	16.39	4.68	0.00	0.00	0.00	0.00	4.68	0.00	0.00	14.05	0.00	44.50	0.00	0.00	0.00	0.00	0.00	21.08	0.00	0.00	0.00	0.00	0.00	0.00	0.00	4.68	0.00	0.00	0.00	0.00	2.34	0.00	0.00	0.00	0.00	0.00	0.00	0.00	0.00	0.00	0.00	0.00	0.00	0.00	0.00
1.580	0.00	0.00	0.00	0.00	0.00	5.62	0.00	0.00	2.81	0.00	0.00	0.00	0.00	0.00	0.00	564.61	0.00	317.42	0.00	0.00	0.00	0.00	0.00	0.00	0.00	0.00	16.85	11.24	0.00	0.00	0.00	0.00	11.24	0.00	0.00	5.62	0.00	22.47	0.00	0.00	0.00	0.00	0.00	39.33	0.00	0.00	0.00	0.00	0.00	0.00	0.00	2.81	0.00	0.00	0.00	0.00	0.00	0.00	0.00	0.00	0.00	0.00	0.00	0.00	0.00	0.00	0.00	0.00	0.00	0.00	0.00
1.600	0.00	2.16	2.16	0.00	0.00	21.65	0.00	0.00	10.82	0.00	0.00	0.00	0.00	0.00	0.00	517.32	0.00	303.03	0.00	0.00	0.00	0.00	0.00	0.00	0.00	0.00	36.80	15.15	0.00	0.00	0.00	0.00	8.66	0.00	0.00	12.99	0.00	41.13	0.00	0.00	0.00	0.00	0.00	25.97	0.00	0.00	0.00	0.00	0.00	0.00	0.00	2.16	0.00	0.00	0.00	0.00	0.00	0.00	0.00	0.00	0.00	0.00	0.00	0.00	0.00	0.00	0.00	0.00	0.00	0.00	0.00
1.620	0.00	0.00	0.00	0.00	0.00	2.42	0.00	0.00	9.69	0.00	0.00	0.00	0.00	0.00	0.00	658.60	0.00	242.13	0.00	0.00	0.00	0.00	0.00	0.00	0.00	0.00	12.11	31.48	0.00	0.00	0.00	0.00	7.26	0.00	0.00	4.84	0.00	12.11	0.00	0.00	0.00	0.00	0.00	19.37	0.00	0.00	0.00	0.00	0.00	0.00	0.00	0.00	0.00	0.00	0.00	0.00	0.00	0.00	0.00	0.00	0.00	0.00	0.00	0.00	0.00	0.00	0.00	0.00	0.00	0.00	0.00
1.640	0.00	0.00	2.41	0.00	0.00	2.41	0.00	0.00	7.23	0.00	0.00	0.00	0.00	0.00	0.00	530.12	0.00	293.98	0.00	0.00	0.00	0.00	0.00	0.00	0.00	0.00	33.73	33.73	0.00	0.00	0.00	0.00	12.05	0.00	0.00	14.46	0.00	21.69	0.00	0.00	0.00	0.00	0.00	43.37	0.00	0.00	0.00	0.00	0.00	2.41	0.00	2.41	0.00	0.00	0.00	0.00	0.00	0.00	0.00	0.00	0.00	0.00	0.00	0.00	0.00	0.00	0.00	0.00	0.00	0.00	0.00
1.660	0.00	0.00	4.65	0.00	0.00	11.63	0.00	0.00	23.26	0.00	0.00	0.00	0.00	0.00	0.00	565.12	0.00	230.23	0.00	0.00	0.00	0.00	0.00	0.00	0.00	0.00	30.23	6.98	0.00	0.00	0.00	0.00	6.98	0.00	0.00	11.63	0.00	41.86	4.65	0.00	0.00	0.00	0.00	55.81	0.00	0.00	0.00	0.00	0.00	0.00	0.00	6.98	0.00	0.00	0.00	0.00	0.00	0.00	0.00	0.00	0.00	0.00	0.00	0.00	0.00	0.00	0.00	0.00	0.00	0.00	0.00
1.680	0.00	0.00	8.55	0.00	0.00	8.55	0.00	0.00	27.78	0.00	0.00	0.00	0.00	2.14	0.00	519.23	0.00	239.32	0.00	0.00	0.00	0.00	0.00	0.00	0.00	0.00	44.87	0.00	0.00	0.00	0.00	0.00	2.14	0.00	0.00	14.96	0.00	59.83	0.00	0.00	0.00	0.00	0.00	64.10	0.00	0.00	0.00	0.00	0.00	0.00	0.00	6.41	0.00	0.00	0.00	0.00	0.00	2.14	0.00	0.00	0.00	0.00	0.00	0.00	0.00	0.00	0.00	0.00	0.00	0.00	0.00
1.700	0.00	0.00	0.00	0.00	1.64	1.64	0.00	0.00	9.87	0.00	0.00	0.00	0.00	0.00	0.00	588.82	0.00	251.64	0.00	0.00	0.00	0.00	0.00	0.00	0.00	0.00	26.32	11.51	0.00	0.00	0.00	0.00	0.00	0.00	0.00	16.45	0.00	18.09	0.00	0.00	0.00	0.00	0.00	65.79	0.00	0.00	0.00	0.00	0.00	0.00	0.00	1.64	0.00	0.00	0.00	0.00	0.00	1.64	0.00	0.00	0.00	0.00	0.00	0.00	0.00	4.93	0.00	0.00	0.00	0.00	0.00
1.720	0.00	0.00	2.36	0.00	2.36	4.73	0.00	0.00	23.64	0.00	0.00	0.00	0.00	0.00	0.00	527.19	0.00	234.04	0.00	0.00	0.00	0.00	0.00	0.00	0.00	0.00	33.10	9.46	0.00	0.00	0.00	0.00	7.09	0.00	0.00	30.73	0.00	63.83	0.00	2.36	0.00	0.00	0.00	59.10	0.00	0.00	0.00	0.00	0.00	0.00	0.00	0.00	0.00	0.00	0.00	0.00	0.00	0.00	0.00	0.00	0.00	0.00	0.00	0.00	0.00	0.00	0.00	0.00	0.00	0.00	0.00
1.740	0.00	0.00	2.92	0.00	0.00	11.66	0.00	0.00	14.58	0.00	0.00	0.00	0.00	0.00	0.00	629.74	0.00	192.42	0.00	0.00	0.00	0.00	0.00	0.00	0.00	0.00	5.83	5.83	0.00	0.00	0.00	0.00	14.58	0.00	0.00	17.49	0.00	34.99	0.00	0.00	0.00	0.00	0.00	61.22	0.00	0.00	0.00	0.00	0.00	5.83	0.00	2.92	0.00	0.00	0.00	0.00	0.00	0.00	0.00	0.00	0.00	0.00	0.00	0.00	0.00	0.00	0.00	0.00	0.00	0.00	0.00
1.760	0.00	0.00	0.00	0.00	0.00	2.74	0.00	2.74	27.40	0.00	0.00	0.00	0.00	0.00	0.00	580.82	0.00	183.56	0.00	0.00	0.00	0.00	0.00	0.00	0.00	2.74	54.79	8.22	0.00	0.00	0.00	0.00	0.00	0.00	0.00	27.40	0.00	21.92	0.00	0.00	0.00	0.00	0.00	87.67	0.00	0.00	0.00	0.00	0.00	0.00	0.00	0.00	0.00	0.00	0.00	0.00	0.00	0.00	0.00	0.00	0.00	0.00	0.00	0.00	0.00	0.00	0.00	0.00	0.00	0.00	0.00
1.780	0.00	0.00	0.00	0.00	0.00	0.00	1.90	0.00	7.59	0.00	0.00	0.00	0.00	0.00	0.00	620.49	0.00	240.99	0.00	0.00	0.00	0.00	0.00	0.00	0.00	1.90	37.95	1.90	0.00	0.00	0.00	0.00	0.00	0.00	0.00	17.08	0.00	28.46	0.00	0.00	0.00	0.00	0.00	39.85	0.00	0.00	0.00	0.00	0.00	0.00	0.00	1.90	0.00	0.00	0.00	0.00	0.00	0.00	0.00	0.00	0.00	0.00	0.00	0.00	0.00	0.00	0.00	0.00	0.00	0.00	0.00
1.800	0.00	0.00	6.93	0.00	0.00	6.93	0.00	0.00	18.48	0.00	0.00	0.00	0.00	0.00	0.00	593.53	0.00	175.52	0.00	0.00	0.00	0.00	0.00	0.00	0.00	0.00	34.64	11.55	0.00	0.00	0.00	0.00	0.00	0.00	0.00	13.86	0.00	60.05	0.00	0.00	0.00	0.00	0.00	57.74	0.00	0.00	0.00	0.00	0.00	2.31	0.00	9.24	0.00	0.00	0.00	4.62	0.00	4.62	0.00	0.00	0.00	0.00	0.00	0.00	0.00	0.00	0.00	0.00	0.00	0.00	0.00
1.820	0.00	0.00	3.04	0.00	1.52	9.13	0.00	0.00	1.52	0.00	0.00	0.00	0.00	1.52	0.00	659.06	0.00	175.04	0.00	0.00	0.00	0.00	0.00	0.00	0.00	0.00	35.01	4.57	0.00	0.00	0.00	0.00	0.00	0.00	0.00	7.61	0.00	50.23	3.04	0.00	0.00	0.00	0.00	42.62	0.00	0.00	0.00	0.00	0.00	0.00	0.00	3.04	0.00	0.00	0.00	0.00	1.52	0.00	0.00	0.00	0.00	0.00	0.00	0.00	0.00	0.00	0.00	0.00	0.00	0.00	0.00
1.840	0.00	0.00	2.48	0.00	0.00	19.85	0.00	0.00	9.93	0.00	0.00	0.00	0.00	0.00	0.00	610.42	0.00	193.55	0.00	0.00	0.00	0.00	0.00	0.00	0.00	0.00	52.11	7.44	0.00	4.96	0.00	0.00	4.96	0.00	0.00	19.85	0.00	47.15	2.48	0.00	0.00	0.00	0.00	24.81	0.00	0.00	0.00	0.00	0.00	0.00	0.00	0.00	0.00	0.00	0.00	0.00	0.00	0.00	0.00	0.00	0.00	0.00	0.00	0.00	0.00	0.00	0.00	0.00	0.00	0.00	0.00
1.860	0.00	0.00	5.42	0.00	0.00	25.32	0.00	0.00	5.42	0.00	0.00	0.00	0.00	1.81	0.00	582.28	0.00	271.25	0.00	0.00	0.00	0.00	0.00	0.00	0.00	0.00	10.85	0.00	0.00	0.00	0.00	0.00	0.00	0.00	0.00	12.66	0.00	39.78	0.00	1.81	0.00	0.00	0.00	39.78	0.00	0.00	0.00	0.00	0.00	0.00	0.00	3.62	0.00	0.00	0.00	0.00	0.00	0.00	0.00	0.00	0.00	0.00	0.00	0.00	0.00	0.00	0.00	0.00	0.00	0.00	0.00
1.880	0.00	0.00	9.35	0.00	0.00	28.04	0.00	0.00	7.01	0.00	0.00	0.00	0.00	0.00	0.00	467.29	0.00	376.17	0.00	0.00	0.00	0.00	0.00	0.00	0.00	0.00	18.69	2.34	0.00	0.00	0.00	0.00	0.00	0.00	0.00	16.36	0.00	32.71	0.00	0.00	0.00	0.00	0.00	39.72	0.00	0.00	0.00	0.00	0.00	0.00	0.00	2.34	0.00	0.00	0.00	0.00	0.00	0.00	0.00	0.00	0.00	0.00	0.00	0.00	0.00	0.00	0.00	0.00	0.00	0.00	0.00
1.900	0.00	0.00	15.96	0.00	0.00	15.96	0.00	0.00	2.66	0.00	0.00	0.00	0.00	0.00	0.00	462.77	0.00	348.40	0.00	0.00	0.00	0.00	0.00	0.00	0.00	0.00	21.28	0.00	0.00	0.00	0.00	0.00	0.00	0.00	0.00	2.66	0.00	82.45	0.00	0.00	0.00	0.00	0.00	47.87	0.00	0.00	0.00	0.00	0.00	0.00	0.00	0.00	0.00	0.00	0.00	0.00	0.00	0.00	0.00	0.00	0.00	0.00	0.00	0.00	0.00	0.00	0.00	0.00	0.00	0.00	0.00
1.920	0.00	0.00	9.65	0.00	0.00	9.65	0.00	0.00	3.22	0.00	0.00	0.00	0.00	0.00	0.00	504.82	0.00	279.74	0.00	0.00	0.00	0.00	0.00	0.00	0.00	0.00	16.08	32.15	0.00	0.00	0.00	0.00	0.00	0.00	0.00	6.43	0.00	38.59	0.00	3.22	0.00	0.00	0.00	93.25	0.00	0.00	0.00	0.00	0.00	0.00	0.00	3.22	0.00	0.00	0.00	0.00	0.00	0.00	0.00	0.00	0.00	0.00	0.00	0.00	0.00	0.00	0.00	0.00	0.00	0.00	0.00
1.940	0.00	0.00	43.48	0.00	0.00	0.00	0.00	0.00	0.00	0.00	0.00	0.00	0.00	0.00	0.00	543.48	0.00	260.87	0.00	0.00	0.00	0.00	0.00	0.00	0.00	0.00	65.22	43.48	0.00	0.00	0.00	0.00	0.00	0.00	0.00	0.00	0.00	0.00	0.00	0.00	0.00	0.00	0.00	43.48	0.00	0.00	0.00	0.00	0.00	0.00	0.00	0.00	0.00	0.00	0.00	0.00	0.00	0.00	0.00	0.00	0.00	0.00	0.00	0.00	0.00	0.00	0.00	0.00	0.00	0.00	0.00
1.960	0.00	0.00	135.14	0.00	0.00	0.00	0.00	0.00	0.00	0.00	0.00	0.00	0.00	0.00	0.00	81.08	0.00	540.54	0.00	0.00	0.00	0.00	0.00	0.00	0.00	0.00	108.11	108.11	0.00	0.00	0.00	0.00	0.00	0.00	0.00	0.00	0.00	0.00	0.00	0.00	0.00	0.00	0.00	27.03	0.00	0.00	0.00	0.00	0.00	0.00	0.00	0.00	0.00	0.00	0.00	0.00	0.00	0.00	0.00	0.00	0.00	0.00	0.00	0.00	0.00	0.00	0.00	0.00	0.00	0.00	0.00
1.980	0.00	0.00	90.91	0.00	0.00	0.00	0.00	0.00	0.00	0.00	0.00	0.00	0.00	0.00	0.00	72.73	0.00	490.91	0.00	0.00	0.00	0.00	0.00	0.00	0.00	0.00	72.73	90.91	0.00	0.00	0.00	0.00	0.00	0.00	0.00	72.73	0.00	90.91	0.00	0.00	0.00	0.00	0.00	0.00	0.00	0.00	0.00	0.00	0.00	0.00	0.00	18.18	0.00	0.00	0.00	0.00	0.00	0.00	0.00	0.00	0.00	0.00	0.00	0.00	0.00	0.00	0.00	0.00	0.00	0.00	0.00
2.000	0.00	0.00	61.54	0.00	0.00	0.00	0.00	0.00	0.00	0.00	0.00	0.00	0.00	0.00	0.00	46.15	0.00	753.85	0.00	0.00	0.00	0.00	0.00	0.00	0.00	0.00	46.15	61.54	0.00	0.00	0.00	0.00	0.00	0.00	0.00	0.00	0.00	15.38	0.00	0.00	0.00	0.00	0.00	15.38	0.00	0.00	0.00	0.00	0.00	0.00	0.00	0.00	0.00	0.00	0.00	0.00	0.00	0.00	0.00	0.00	0.00	0.00	0.00	0.00	0.00	0.00	0.00	0.00	0.00	0.00	0.00
2.020	0.00	0.00	60.34	0.00	0.00	0.00	0.00	0.00	0.00	0.00	0.00	0.00	0.00	0.00	0.00	112.07	0.00	689.66	0.00	0.00	0.00	0.00	0.00	0.00	0.00	0.00	77.59	25.86	0.00	0.00	0.00	0.00	0.00	0.00	0.00	0.00	0.00	8.62	0.00	8.62	0.00	0.00	0.00	17.24	0.00	0.00	0.00	0.00	0.00	0.00	0.00	0.00	0.00	0.00	0.00	0.00	0.00	0.00	0.00	0.00	0.00	0.00	0.00	0.00	0.00	0.00	0.00	0.00	0.00	0.00	0.00
2.040	0.00	0.00	67.57	0.00	0.00	0.00	0.00	0.00	13.51	0.00	0.00	0.00	0.00	0.00	0.00	108.11	0.00	621.62	0.00	0.00	0.00	0.00	0.00	0.00	0.00	0.00	81.08	31.53	0.00	0.00	0.00	0.00	0.00	0.00	0.00	0.00	0.00	72.07	0.00	4.50	0.00	0.00	0.00	0.00	0.00	0.00	0.00	0.00	0.00	0.00	0.00	0.00	0.00	0.00	0.00	0.00	0.00	0.00	0.00	0.00	0.00	0.00	0.00	0.00	0.00	0.00	0.00	0.00	0.00	0.00	0.00
2.060	0.00	0.00	104.48	0.00	0.00	0.00	0.00	0.00	0.00	0.00	0.00	0.00	0.00	0.00	0.00	164.18	0.00	537.31	0.00	0.00	0.00	0.00	0.00	0.00	0.00	0.00	44.78	14.93	0.00	0.00	0.00	0.00	0.00	0.00	0.00	7.46	0.00	74.63	0.00	0.00	0.00	0.00	0.00	52.24	0.00	0.00	0.00	0.00	0.00	0.00	0.00	0.00	0.00	0.00	0.00	0.00	0.00	0.00	0.00	0.00	0.00	0.00	0.00	0.00	0.00	0.00	0.00	0.00	0.00	0.00	0.00
2.090	0.00	0.00	87.56	0.00	0.00	9.22	0.00	0.00	4.61	0.00	0.00	0.00	0.00	0.00	0.00	142.86	0.00	354.84	0.00	0.00	0.00	0.00	0.00	0.00	0.00	0.00	41.47	46.08	0.00	0.00	0.00	0.00	0.00	0.00	0.00	9.22	0.00	170.51	0.00	4.61	0.00	0.00	0.00	105.99	0.00	0.00	0.00	0.00	0.00	0.00	0.00	23.04	0.00	0.00	0.00	0.00	0.00	0.00	0.00	0.00	0.00	0.00	0.00	0.00	0.00	0.00	0.00	0.00	0.00	0.00	0.00
2.120	0.00	0.00	129.41	0.00	0.00	0.00	0.00	11.76	0.00	0.00	0.00	0.00	0.00	0.00	0.00	176.47	0.00	388.24	0.00	0.00	0.00	0.00	0.00	0.00	0.00	0.00	94.12	47.06	0.00	0.00	0.00	0.00	0.00	0.00	0.00	11.76	0.00	70.59	0.00	0.00	0.00	0.00	0.00	58.82	0.00	0.00	0.00	0.00	0.00	0.00	0.00	11.76	0.00	0.00	0.00	0.00	0.00	0.00	0.00	0.00	0.00	0.00	0.00	0.00	0.00	0.00	0.00	0.00	0.00	0.00	0.00
2.140	0.00	0.00	117.65	0.00	0.00	0.00	0.00	0.00	29.41	0.00	0.00	0.00	0.00	0.00	0.00	147.06	0.00	558.82	0.00	0.00	0.00	0.00	0.00	0.00	0.00	0.00	29.41	0.00	0.00	0.00	0.00	0.00	0.00	0.00	0.00	29.41	0.00	29.41	0.00	0.00	0.00	0.00	0.00	58.82	0.00	0.00	0.00	0.00	0.00	0.00	0.00	0.00	0.00	0.00	0.00	0.00	0.00	0.00	0.00	0.00	0.00	0.00	0.00	0.00	0.00	0.00	0.00	0.00	0.00	0.00	0.00
2.160	0.00	0.00	333.33	0.00	0.00	0.00	0.00	0.00	0.00	0.00	0.00	0.00	0.00	0.00	0.00	0.00	0.00	333.33	0.00	0.00	0.00	0.00	0.00	0.00	0.00	0.00	0.00	0.00	0.00	0.00	0.00	0.00	0.00	0.00	0.00	0.00	0.00	0.00	0.00	0.00	0.00	0.00	0.00	333.33	0.00	0.00	0.00	0.00	0.00	0.00	0.00	0.00	0.00	0.00	0.00	0.00	0.00	0.00	0.00	0.00	0.00	0.00	0.00	0.00	0.00	0.00	0.00	0.00	0.00	0.00	0.00
2.180	0.00	0.00	250.00	0.00	0.00	0.00	0.00	0.00	0.00	0.00	0.00	0.00	0.00	0.00	0.00	250.00	0.00	500.00	0.00	0.00	0.00	0.00	0.00	0.00	0.00	0.00	0.00	0.00	0.00	0.00	0.00	0.00	0.00	0.00	0.00	0.00	0.00	0.00	0.00	0.00	0.00	0.00	0.00	0.00	0.00	0.00	0.00	0.00	0.00	0.00	0.00	0.00	0.00	0.00	0.00	0.00	0.00	0.00	0.00	0.00	0.00	0.00	0.00	0.00	0.00	0.00	0.00	0.00	0.00	0.00	0.00
2.200	0.00	0.00	428.57	0.00	0.00	0.00	0.00	142.86	0.00	0.00	0.00	0.00	0.00	0.00	0.00	0.00	0.00	285.71	0.00	0.00	0.00	0.00	0.00	0.00	0.00	0.00	0.00	0.00	0.00	0.00	0.00	0.00	0.00	0.00	0.00	142.86	0.00	0.00	0.00	0.00	0.00	0.00	0.00	0.00	0.00	0.00	0.00	0.00	0.00	0.00	0.00	0.00	0.00	0.00	0.00	0.00	0.00	0.00	0.00	0.00	0.00	0.00	0.00	0.00	0.00	0.00	0.00	0.00	0.00	0.00	0.00
2.220	0.00	0.00	428.57	0.00	0.00	0.00	0.00	0.00	0.00	0.00	0.00	0.00	0.00	0.00	0.00	0.00	0.00	285.71	0.00	0.00	0.00	0.00	0.00	0.00	0.00	0.00	0.00	0.00	0.00	0.00	0.00	0.00	0.00	0.00	0.00	142.86	0.00	0.00	0.00	0.00	0.00	0.00	0.00	142.86	0.00	0.00	0.00	0.00	0.00	0.00	0.00	0.00	0.00	0.00	0.00	0.00	0.00	0.00	0.00	0.00	0.00	0.00	0.00	0.00	0.00	0.00	0.00	0.00	0.00	0.00	0.00
2.240	0.00	0.00	304.35	0.00	0.00	0.00	0.00	0.00	0.00	0.00	0.00	0.00	0.00	0.00	0.00	86.96	0.00	304.35	0.00	0.00	0.00	0.00	0.00	0.00	0.00	0.00	0.00	0.00	0.00	0.00	0.00	0.00	130.43	0.00	0.00	43.48	0.00	0.00	0.00	0.00	0.00	0.00	0.00	86.96	0.00	0.00	0.00	0.00	0.00	0.00	0.00	0.00	0.00	0.00	0.00	0.00	0.00	0.00	0.00	0.00	0.00	0.00	0.00	0.00	0.00	0.00	0.00	0.00	0.00	0.00	0.00
2.260	0.00	0.00	357.14	0.00	0.00	0.00	0.00	0.00	0.00	0.00	0.00	0.00	0.00	142.86	0.00	0.00	0.00	357.14	0.00	0.00	0.00	0.00	0.00	0.00	0.00	0.00	0.00	0.00	0.00	0.00	0.00	0.00	0.00	0.00	0.00	71.43	0.00	0.00	0.00	71.43	0.00	0.00	0.00	0.00	0.00	0.00	0.00	0.00	0.00	0.00	0.00	0.00	0.00	0.00	0.00	0.00	0.00	0.00	0.00	0.00	0.00	0.00	0.00	0.00	0.00	0.00	0.00	0.00	0.00	0.00	0.00
2.280	0.00	0.00	235.29	0.00	0.00	0.00	0.00	0.00	0.00	0.00	0.00	0.00	0.00	0.00	0.00	58.82	0.00	470.59	0.00	0.00	0.00	0.00	0.00	0.00	0.00	0.00	117.65	0.00	0.00	0.00	0.00	0.00	0.00	0.00	0.00	58.82	0.00	0.00	0.00	0.00	0.00	0.00	0.00	0.00	0.00	0.00	0.00	0.00	0.00	0.00	0.00	58.82	0.00	0.00	0.00	0.00	0.00	0.00	0.00	0.00	0.00	0.00	0.00	0.00	0.00	0.00	0.00	0.00	0.00	0.00	0.00
2.300	0.00	0.00	214.29	0.00	0.00	0.00	0.00	0.00	0.00	0.00	0.00	0.00	0.00	0.00	0.00	0.00	0.00	571.43	0.00	0.00	0.00	0.00	0.00	0.00	0.00	0.00	0.00	0.00	0.00	0.00	0.00	0.00	0.00	0.00	0.00	142.86	0.00	0.00	0.00	71.43	0.00	0.00	0.00	0.00	0.00	0.00	0.00	0.00	0.00	0.00	0.00	0.00	0.00	0.00	0.00	0.00	0.00	0.00	0.00	0.00	0.00	0.00	0.00	0.00	0.00	0.00	0.00	0.00	0.00	0.00	0.00
2.320	0.00	0.00	392.86	0.00	0.00	0.00	0.00	0.00	0.00	0.00	0.00	0.00	0.00	35.71	0.00	0.00	0.00	321.43	0.00	0.00	0.00	0.00	0.00	0.00	0.00	0.00	0.00	35.71	0.00	0.00	0.00	0.00	0.00	0.00	0.00	214.29	0.00	0.00	0.00	0.00	0.00	0.00	0.00	0.00	0.00	0.00	0.00	0.00	0.00	0.00	0.00	0.00	0.00	0.00	0.00	0.00	0.00	0.00	0.00	0.00	0.00	0.00	0.00	0.00	0.00	0.00	0.00	0.00	0.00	0.00	0.00
2.340	0.00	0.00	306.12	0.00	0.00	0.00	0.00	0.00	0.00	0.00	0.00	0.00	0.00	0.00	0.00	20.41	0.00	469.39	0.00	0.00	0.00	0.00	0.00	0.00	0.00	0.00	20.41	20.41	0.00	0.00	0.00	0.00	20.41	0.00	0.00	102.04	0.00	0.00	0.00	40.82	0.00	0.00	0.00	0.00	0.00	0.00	0.00	0.00	0.00	0.00	0.00	0.00	0.00	0.00	0.00	0.00	0.00	0.00	0.00	0.00	0.00	0.00	0.00	0.00	0.00	0.00	0.00	0.00	0.00	0.00	0.00
2.360	0.00	0.00	346.15	0.00	0.00	0.00	0.00	0.00	0.00	0.00	0.00	0.00	0.00	0.00	0.00	0.00	0.00	397.44	0.00	0.00	0.00	0.00	0.00	0.00	0.00	0.00	51.28	25.64	0.00	0.00	0.00	0.00	0.00	0.00	0.00	89.74	0.00	0.00	0.00	89.74	0.00	0.00	0.00	0.00	0.00	0.00	0.00	0.00	0.00	0.00	0.00	0.00	0.00	0.00	0.00	0.00	0.00	0.00	0.00	0.00	0.00	0.00	0.00	0.00	0.00	0.00	0.00	0.00	0.00	0.00	0.00
2.400	0.00	0.00	354.84	0.00	0.00	0.00	0.00	0.00	0.00	0.00	0.00	0.00	0.00	0.00	0.00	32.26	0.00	451.61	0.00	0.00	0.00	0.00	0.00	0.00	0.00	0.00	0.00	0.00	0.00	0.00	0.00	0.00	32.26	0.00	0.00	0.00	0.00	0.00	0.00	0.00	0.00	0.00	0.00	129.03	0.00	0.00	0.00	0.00	0.00	0.00	0.00	0.00	0.00	0.00	0.00	0.00	0.00	0.00	0.00	0.00	0.00	0.00	0.00	0.00	0.00	0.00	0.00	0.00	0.00	0.00	0.00
2.420	0.00	0.00	362.32	0.00	0.00	0.00	0.00	0.00	0.00	0.00	0.00	0.00	0.00	0.00	0.00	28.99	0.00	391.30	0.00	0.00	0.00	0.00	0.00	0.00	0.00	0.00	28.99	14.49	0.00	0.00	0.00	0.00	0.00	0.00	0.00	57.97	0.00	28.99	0.00	0.00	0.00	0.00	0.00	86.96	0.00	0.00	0.00	0.00	0.00	0.00	0.00	0.00	0.00	0.00	0.00	0.00	0.00	0.00	0.00	0.00	0.00	0.00	0.00	0.00	0.00	0.00	0.00	0.00	0.00	0.00	0.00
2.440	0.00	0.00	571.43	0.00	0.00	0.00	0.00	0.00	0.00	0.00	0.00	0.00	0.00	0.00	0.00	0.00	0.00	285.71	0.00	0.00	0.00	0.00	0.00	0.00	0.00	0.00	47.62	0.00	0.00	0.00	0.00	0.00	0.00	0.00	0.00	47.62	0.00	0.00	0.00	0.00	0.00	0.00	0.00	47.62	0.00	0.00	0.00	0.00	0.00	0.00	0.00	0.00	0.00	0.00	0.00	0.00	0.00	0.00	0.00	0.00	0.00	0.00	0.00	0.00	0.00	0.00	0.00	0.00	0.00	0.00	0.00
2.460	0.00	0.00	392.59	0.00	0.00	14.81	0.00	0.00	0.00	0.00	0.00	0.00	0.00	22.22	0.00	0.00	0.00	407.41	0.00	0.00	0.00	0.00	0.00	0.00	0.00	0.00	14.81	14.81	0.00	0.00	0.00	0.00	0.00	0.00	0.00	44.44	0.00	0.00	0.00	22.22	7.41	0.00	0.00	37.04	0.00	0.00	0.00	0.00	0.00	7.41	0.00	0.00	0.00	0.00	0.00	0.00	0.00	0.00	0.00	0.00	0.00	0.00	0.00	0.00	0.00	14.81	0.00	0.00	0.00	0.00	0.00
2.480	0.00	0.00	104.17	0.00	0.00	20.83	0.00	20.83	0.00	0.00	0.00	0.00	0.00	20.83	0.00	0.00	0.00	416.67	0.00	0.00	0.00	0.00	0.00	0.00	0.00	0.00	20.83	104.17	0.00	0.00	0.00	0.00	0.00	0.00	0.00	62.50	0.00	104.17	0.00	41.67	0.00	0.00	0.00	41.67	0.00	0.00	0.00	0.00	0.00	0.00	0.00	20.83	0.00	0.00	0.00	0.00	0.00	0.00	0.00	0.00	0.00	0.00	0.00	0.00	0.00	0.00	0.00	0.00	0.00	0.00	0.00
2.500	0.00	0.00	173.91	0.00	0.00	0.00	0.00	0.00	0.00	0.00	0.00	0.00	0.00	0.00	0.00	28.99	0.00	318.84	0.00	0.00	0.00	0.00	0.00	0.00	0.00	0.00	14.49	57.97	0.00	0.00	0.00	0.00	0.00	0.00	0.00	28.99	0.00	115.94	0.00	144.93	28.99	0.00	0.00	86.96	0.00	0.00	0.00	0.00	0.00	0.00	0.00	0.00	0.00	0.00	0.00	0.00	0.00	0.00	0.00	0.00	0.00	0.00	0.00	0.00	0.00	0.00	0.00	0.00	0.00	0.00	0.00
2.520	0.00	0.00	208.33	0.00	0.00	0.00	0.00	0.00	0.00	0.00	0.00	0.00	0.00	0.00	0.00	0.00	0.00	291.67	0.00	0.00	0.00	0.00	0.00	0.00	0.00	0.00	0.00	83.33	0.00	0.00	0.00	0.00	0.00	0.00	0.00	0.00	0.00	41.67	0.00	166.67	0.00	0.00	0.00	208.33	0.00	0.00	0.00	0.00	0.00	0.00	0.00	0.00	0.00	0.00	0.00	0.00	0.00	0.00	0.00	0.00	0.00	0.00	0.00	0.00	0.00	0.00	0.00	0.00	0.00	0.00	0.00
2.540	0.00	0.00	312.50	0.00	0.00	0.00	0.00	0.00	0.00	0.00	0.00	0.00	0.00	0.00	0.00	0.00	0.00	62.50	0.00	0.00	0.00	0.00	0.00	0.00	0.00	0.00	62.50	0.00	0.00	0.00	0.00	0.00	0.00	0.00	0.00	0.00	0.00	0.00	0.00	62.50	0.00	0.00	0.00	500.00	0.00	0.00	0.00	0.00	0.00	0.00	0.00	0.00	0.00	0.00	0.00	0.00	0.00	0.00	0.00	0.00	0.00	0.00	0.00	0.00	0.00	0.00	0.00	0.00	0.00	0.00	0.00
2.560	0.00	0.00	157.89	0.00	0.00	0.00	0.00	0.00	0.00	0.00	0.00	0.00	0.00	0.00	0.00	105.26	0.00	473.68	0.00	0.00	0.00	0.00	0.00	0.00	0.00	0.00	26.32	52.63	0.00	0.00	0.00	0.00	0.00	0.00	0.00	0.00	0.00	26.32	0.00	52.63	0.00	0.00	0.00	105.26	0.00	0.00	0.00	0.00	0.00	0.00	0.00	0.00	0.00	0.00	0.00	0.00	0.00	0.00	0.00	0.00	0.00	0.00	0.00	0.00	0.00	0.00	0.00	0.00	0.00	0.00	0.00
7.400	0.00	0.00	2.46	0.00	0.00	0.00	0.00	0.00	0.00	0.00	0.00	0.00	0.00	0.00	0.00	51.72	0.00	916.26	0.00	0.00	0.00	0.00	0.00	0.00	0.00	0.00	9.85	2.46	0.00	0.00	0.00	0.00	0.00	0.00	0.00	2.46	0.00	4.93	0.00	0.00	0.00	0.00	0.00	7.39	0.00	0.00	0.00	0.00	0.00	0.00	0.00	2.46	0.00	0.00	0.00	0.00	0.00	0.00	0.00	0.00	0.00	0.00	0.00	0.00	0.00	0.00	0.00	0.00	0.00	0.00	0.00
