stations	Aand	Atax	Btep	Bspo	Iacu	Ipal	Ipar	Ipat	Isph	Istr	Ipli	Ivel	Ijap	Lmac	Mcho	Nlab	Nrig	Ocen	Oisr	Ojan	Olon	Ogig	Pzoh	Pret	Smem	Sdel	Selo	Sram	Sbel	Sben	Sbul	Slaz	Smir	Sgra	Spac	Sspp	Tpel	Pdal	Stri	Imin	Imic	Ibre	Ekar	Bspp	Dubr	Peri	Lspp	Snep	Xxan	Squa	Pnud	Tapp	Tvar	Vcal	Vspi	Pame	Qcon	 Psch	Parc	Pkof	Gymn	Eacu	Egra	Edel	Etra	Espp	Sste	Sbif	Cysa	Tvan	Dcha
0	0	0	6.41025641	0	22.43589744	12.82051282	9.615384615	0	16.02564103	0	0	0	0	0	0	634.6153846	0	182.6923077	0	0	0	0	0	3.205128205	0	0	9.615384615	6.41025641	0	0	0	0	0	0	0	0	0	22.43589744	0	0	0	0	0	54.48717949	0	0	0	0	0	0	0	16.02564103	0	0	0	0	0	3.205128205	0	0	0	0	0	0	0	0	0	0	0	0	0
0.01	0	0	0	0	0	17.69911504	26.54867257	0	26.54867257	0	0	0	0	0	0	486.7256637	0	389.380531	0	0	0	0	0	0	0	0	0	0	0	0	0	0	0	0	0	0	0	8.849557522	0	0	0	0	0	17.69911504	0	0	0	0	0	0	0	26.54867257	0	0	0	0	0	0	0	0	0	0	0	0	0	0	0	0	0	0	0
0.02	0	0	7.142857143	0	35.71428571	0	7.142857143	14.28571429	21.42857143	0	0	0	0	0	0	528.5714286	0	271.4285714	0	0	0	0	0	0	0	0	7.142857143	0	0	0	0	0	0	0	0	7.142857143	0	35.71428571	0	0	0	0	0	42.85714286	0	0	0	0	0	0	0	21.42857143	0	0	0	0	0	0	0	0	0	0	0	0	0	0	0	0	0	0	0
0.03	0	0	58.82352941	0	0	0	0	0	0	0	0	0	0	0	0	235.2941176	0	352.9411765	0	0	0	0	0	0	0	0	58.82352941	0	0	0	0	0	0	0	0	0	0	235.2941176	0	0	0	0	0	58.82352941	0	0	0	0	0	0	0	0	0	0	0	0	0	0	0	0	0	0	0	0	0	0	0	0	0	0	0
0.04	0	0	18.18181818	0	18.18181818	0	36.36363636	0	36.36363636	0	0	0	0	0	0	563.6363636	0	218.1818182	0	0	0	0	0	18.18181818	0	0	18.18181818	0	0	0	0	0	0	0	0	0	0	54.54545455	0	0	0	0	0	18.18181818	0	0	0	0	0	0	0	0	0	0	0	0	0	0	0	0	0	0	0	0	0	0	0	0	0	0	0
0.06	0	0	3.164556962	0	9.493670886	15.82278481	15.82278481	0	22.15189873	0	0	0	0	0	0	506.3291139	0	389.2405063	0	0	0	0	0	0	0	0	3.164556962	0	0	0	0	0	3.164556962	0	0	0	0	12.65822785	0	0	0	0	0	12.65822785	0	0	0	0	0	0	0	6.329113924	0	0	0	0	0	0	0	0	0	0	0	0	0	0	0	0	0	0	0
0.07	0	0	12.5	0	18.75	12.5	0	0	31.25	0	0	0	0	0	0	506.25	0	337.5	0	0	0	0	0	6.25	0	0	6.25	0	0	0	0	0	0	0	0	0	0	56.25	0	0	0	0	0	0	0	0	0	0	0	0	0	12.5	0	0	0	0	0	0	0	0	0	0	0	0	0	0	0	0	0	0	0
0.08	0	0	9.302325581	0	27.90697674	4.651162791	18.60465116	0	18.60465116	0	0	0	0	0	0	567.4418605	0	306.9767442	0	0	0	0	0	0	0	0	4.651162791	4.651162791	0	0	0	0	0	0	0	0	0	0	0	0	0	0	0	18.60465116	0	0	0	0	0	0	0	18.60465116	0	0	0	0	0	0	0	0	0	0	0	0	0	0	0	0	0	0	0
0.09	0	3.205128205	0	0	32.05128205	16.02564103	19.23076923	0	6.41025641	0	0	0	0	0	0	535.2564103	0	346.1538462	0	0	0	0	0	3.205128205	0	0	6.41025641	0	0	0	0	0	0	0	0	0	0	0	0	0	0	0	0	32.05128205	0	0	0	0	0	0	0	0	0	0	0	0	0	0	0	0	0	0	0	0	0	0	0	0	0	0	0
0.11	0	0	12.53918495	0	12.53918495	9.404388715	6.269592476	0	3.134796238	0	0	0	0	0	0	561.1285266	0	379.3103448	0	0	0	0	0	0	0	0	12.53918495	0	0	0	0	0	3.134796238	0	0	0	0	0	0	0	0	0	0	0	0	0	0	0	0	0	0	0	0	0	0	0	0	0	0	0	0	0	0	0	0	0	0	0	0	0	0
0.12	0	0	0	0	9.677419355	9.677419355	3.225806452	3.225806452	9.677419355	0	0	0	0	0	0	612.9032258	0	319.3548387	0	0	0	0	0	0	0	0	19.35483871	0	0	0	0	0	9.677419355	0	0	0	0	0	0	0	0	0	0	3.225806452	0	0	0	0	0	0	0	0	0	0	0	0	0	0	0	0	0	0	0	0	0	0	0	0	0	0	0
0.13	0	0	15.7480315	0	35.43307087	7.874015748	7.874015748	3.937007874	35.43307087	0	0	0	0	0	0	547.2440945	0	307.0866142	0	0	0	0	0	3.937007874	0	0	15.7480315	3.937007874	0	0	0	0	7.874015748	0	0	0	0	7.874015748	0	0	0	0	0	0	0	0	0	0	0	0	0	0	0	0	0	0	0	0	0	0	0	0	0	0	0	0	0	0	0	0	0
0.14	0	0	6.024096386	0	12.04819277	3.012048193	12.04819277	6.024096386	30.12048193	0	0	0	0	0	0	644.5783133	0	243.9759036	0	0	0	0	0	0	0	0	21.08433735	0	0	0	0	0	9.036144578	0	0	3.012048193	0	9.036144578	0	0	0	0	0	0	0	0	0	0	0	0	0	0	0	0	0	0	0	0	0	0	0	0	0	0	0	0	0	0	0	0	0
0.16	0	0	13.1147541	0	26.2295082	6.557377049	6.557377049	0	19.67213115	0	0	0	0	0	0	590.1639344	0	327.8688525	0	0	0	0	0	0	0	0	0	0	0	0	0	0	3.278688525	0	0	0	0	6.557377049	0	0	0	0	0	0	0	0	0	0	0	0	0	0	0	0	0	0	0	0	0	0	0	0	0	0	0	0	0	0	0	0	0
0.17	0	3.300330033	16.50165017	0	13.20132013	0	23.10231023	0	23.10231023	0	0	0	0	0	0	465.3465347	0	425.7425743	0	0	0	0	0	0	0	0	6.600660066	0	0	0	0	0	3.300330033	0	0	3.300330033	0	16.50165017	0	0	0	0	0	0	0	0	0	0	0	0	0	0	0	0	0	0	0	0	0	0	0	0	0	0	0	0	0	0	0	0	0
0.18	0	0	0	0	15.57632399	3.115264798	28.03738318	0	21.80685358	0	0	0	0	0	0	485.9813084	0	404.9844237	0	0	0	0	0	6.230529595	0	0	3.115264798	6.230529595	0	0	0	0	3.115264798	0	0	0	0	9.345794393	0	0	0	0	0	0	0	0	0	0	0	0	0	12.46105919	0	0	0	0	0	0	0	0	0	0	0	0	0	0	0	0	0	0	0
0.19	0	0	6.578947368	0	19.73684211	0	6.578947368	0	9.868421053	0	0	0	0	0	0	625	0	312.5	0	0	0	0	0	0	0	0	9.868421053	0	0	0	0	0	0	0	0	0	0	0	0	0	0	0	0	0	0	0	0	0	0	0	0	9.868421053	0	0	0	0	0	0	0	0	0	0	0	0	0	0	0	0	0	0	0
0.21	0	0	3.236245955	0	25.88996764	3.236245955	3.236245955	0	19.41747573	3.236245955	0	0	0	0	0	605.1779935	0	317.1521036	0	0	0	0	0	0	0	0	0	0	0	0	0	0	3.236245955	0	0	0	0	12.94498382	0	0	0	0	0	0	0	0	0	0	0	0	0	3.236245955	0	0	0	0	0	0	0	0	0	0	0	0	0	0	0	0	0	0	0
0.22	0	0	0	0	16.02564103	3.205128205	0	0	6.41025641	0	0	0	0	0	0	618.5897436	0	342.9487179	0	0	0	0	0	0	0	0	9.615384615	0	0	0	0	0	3.205128205	0	0	0	0	0	0	0	0	0	0	0	0	0	0	0	0	0	0	0	0	0	0	0	0	0	0	0	0	0	0	0	0	0	0	0	0	0	0
0.23	0	0	3.125	0	6.25	6.25	9.375	0	9.375	0	0	0	0	0	0	515.625	0	418.75	0	0	0	0	0	3.125	0	0	9.375	0	0	0	0	0	9.375	0	0	0	0	6.25	0	0	0	0	0	0	0	0	0	0	0	0	0	3.125	0	0	0	0	0	0	0	0	0	0	0	0	0	0	0	0	0	0	0
0.24	0	0	3.236245955	0	16.18122977	0	9.708737864	0	12.94498382	0	0	0	0	0	0	521.0355987	0	414.2394822	0	0	0	0	0	0	0	0	9.708737864	0	0	0	0	0	9.708737864	0	0	0	0	3.236245955	0	0	0	0	0	0	0	0	0	0	0	0	0	0	0	0	0	0	0	0	0	0	0	0	0	0	0	0	0	0	0	0	0
0.26	0	0	6.230529595	0	9.345794393	6.230529595	3.115264798	0	15.57632399	0	0	0	0	0	0	576.3239875	0	364.4859813	0	0	0	0	0	0	0	0	9.345794393	0	0	0	0	0	0	0	0	0	0	6.230529595	0	0	0	0	0	0	0	0	0	0	0	0	0	3.115264798	0	0	0	0	0	0	0	0	0	0	0	0	0	0	0	0	0	0	0
0.27	0	0	3.058103976	0	9.174311927	6.116207951	12.2324159	0	21.40672783	0	0	0	0	0	0	584.0978593	0	345.5657492	0	0	0	0	0	3.058103976	0	0	12.2324159	0	0	0	0	0	0	0	0	0	0	3.058103976	0	0	0	0	0	0	0	0	0	0	0	0	0	0	0	0	0	0	0	0	0	0	0	0	0	0	0	0	0	0	0	0	0
0.28	0	0	8.823529412	0	11.76470588	2.941176471	17.64705882	0	23.52941176	2.941176471	0	0	0	0	0	555.8823529	0	338.2352941	0	0	0	0	0	5.882352941	0	0	20.58823529	2.941176471	0	0	0	0	0	0	0	0	0	2.941176471	2.941176471	0	0	0	0	2.941176471	0	0	0	0	0	0	0	0	0	0	0	0	0	0	0	0	0	0	0	0	0	0	0	0	0	0	0
0.29	0	0	0	0	18.01801802	6.006006006	0	0	21.02102102	0	0	0	0	0	0	594.5945946	0	342.3423423	0	0	0	0	0	6.006006006	0	0	3.003003003	0	0	0	0	0	0	0	0	0	0	6.006006006	0	0	0	0	0	0	0	0	0	0	0	0	0	3.003003003	0	0	0	0	0	0	0	0	0	0	0	0	0	0	0	0	0	0	0
0.31	0	9.523809524	9.523809524	0	9.523809524	15.87301587	15.87301587	3.174603175	25.3968254	0	0	0	0	0	0	469.8412698	0	425.3968254	0	0	0	0	0	0	0	0	6.349206349	0	0	0	0	6.349206349	0	0	0	0	0	3.174603175	0	0	0	0	0	0	0	0	0	0	0	0	0	0	0	0	0	0	0	0	0	0	0	0	0	0	0	0	0	0	0	0	0
0.32	0	0	0	0	13.88888889	0	50.92592593	4.62962963	4.62962963	0	0	0	0	0	0	347.2222222	0	449.0740741	0	0	0	0	0	0	0	0	27.77777778	37.03703704	0	0	0	0	4.62962963	0	0	27.77777778	0	23.14814815	0	0	0	0	0	0	0	0	0	0	0	0	0	0	0	0	0	0	0	0	0	0	0	0	0	0	0	0	0	0	0	0	0
0.33	0	9.146341463	6.097560976	0	21.34146341	9.146341463	21.34146341	0	33.53658537	0	0	0	0	0	0	509.1463415	0	338.4146341	0	0	0	0	0	6.097560976	0	0	6.097560976	0	0	0	0	0	12.19512195	0	0	0	0	27.43902439	0	0	0	0	0	0	0	0	0	0	0	0	0	0	0	0	0	0	0	0	0	0	0	0	0	0	0	0	0	0	0	0	0
0.34	0	0	0	0	9.74025974	6.493506494	6.493506494	3.246753247	29.22077922	0	0	0	0	0	0	600.6493506	0	282.4675325	0	0	0	0	0	0	0	0	19.48051948	0	0	0	0	0	16.23376623	0	0	0	0	9.74025974	0	0	0	0	0	16.23376623	0	0	0	0	0	0	0	0	0	0	0	0	0	0	0	0	0	0	0	0	0	0	0	0	0	0	0
0.36	0	0	0	0	29.06976744	0	34.88372093	20.34883721	11.62790698	0	0	0	0	0	0	395.3488372	0	401.1627907	0	0	0	0	0	0	0	0	8.720930233	5.813953488	0	0	0	0	17.44186047	0	0	14.53488372	0	29.06976744	0	0	0	0	0	0	0	0	0	0	0	0	0	0	0	0	0	0	0	0	0	0	0	0	0	0	0	0	0	0	0	0	0
0.37	0	0	3.021148036	0	12.08459215	6.042296073	9.063444109	0	42.29607251	0	0	0	0	0	0	407.8549849	0	438.0664653	0	0	0	0	0	0	0	0	9.063444109	3.021148036	0	0	0	0	60.42296073	0	0	0	0	9.063444109	0	0	0	0	0	0	0	0	0	0	0	0	0	0	0	0	0	0	0	0	0	0	0	0	0	0	0	0	0	0	0	0	0
0.38	0	0	15.15151515	0	30.3030303	0	30.3030303	0	75.75757576	0	0	0	0	0	0	515.1515152	0	257.5757576	0	0	0	0	0	0	0	0	30.3030303	0	0	0	0	0	30.3030303	0	0	0	0	15.15151515	0	0	0	0	0	0	0	0	0	0	0	0	0	0	0	0	0	0	0	0	0	0	0	0	0	0	0	0	0	0	0	0	0
0.39	0	0	7.96812749	0	11.95219124	7.96812749	19.92031873	0	51.79282869	0	0	0	0	0	0	725.0996016	0	123.5059761	0	0	0	0	0	0	0	0	0	0	0	0	0	0	43.8247012	0	0	3.984063745	0	3.984063745	0	0	0	0	0	0	0	0	0	0	0	0	0	0	0	0	0	0	0	0	0	0	0	0	0	0	0	0	0	0	0	0	0
0.41	0	0	39.408867	0	44.33497537	14.77832512	19.7044335	0	93.59605911	0	0	0	0	0	0	413.7931034	0	231.5270936	0	0	0	0	0	0	0	0	4.926108374	9.852216749	0	0	0	0	128.0788177	0	0	0	0	0	0	0	0	0	0	0	0	0	0	0	0	0	0	0	0	0	0	0	0	0	0	0	0	0	0	0	0	0	0	0	0	0	0
0.42	0	0	19.23076923	0	28.84615385	9.615384615	19.23076923	9.615384615	91.34615385	0	0	0	0	0	0	567.3076923	0	187.5	0	0	0	0	0	0	0	0	0	4.807692308	0	0	0	0	62.5	0	0	0	0	0	0	0	0	0	0	0	0	0	0	0	0	0	0	0	0	0	0	0	0	0	0	0	0	0	0	0	0	0	0	0	0	0	0
0.43	0	0	6.41025641	0	60.8974359	3.205128205	16.02564103	9.615384615	76.92307692	0	0	0	0	0	0	605.7692308	0	144.2307692	0	0	0	0	0	6.41025641	0	0	3.205128205	3.205128205	0	0	0	0	48.07692308	0	0	0	0	16.02564103	0	0	0	0	0	0	0	0	0	0	0	0	0	0	0	0	0	0	0	0	0	0	0	0	0	0	0	0	0	0	0	0	0
0.44	0	0	9.523809524	0	19.04761905	9.523809524	19.04761905	0	109.5238095	0	0	0	0	0	0	452.3809524	0	119.047619	0	0	0	0	0	9.523809524	0	0	4.761904762	0	0	0	0	0	185.7142857	0	0	4.761904762	0	57.14285714	0	0	0	0	0	0	0	0	0	0	0	0	0	0	0	0	0	0	0	0	0	0	0	0	0	0	0	0	0	0	0	0	0
0.46	0	0	8.26446281	0	33.05785124	8.26446281	8.26446281	0	66.11570248	0	0	0	0	0	0	504.1322314	0	198.3471074	0	0	0	0	0	0	0	0	33.05785124	8.26446281	0	0	0	0	123.9669421	0	0	0	0	8.26446281	0	0	0	0	0	0	0	0	0	0	0	0	0	0	0	0	0	0	0	0	0	0	0	0	0	0	0	0	0	0	0	0	0
0.47	0	0	8.928571429	0	44.64285714	0	0	44.64285714	8.928571429	8.928571429	0	0	0	0	0	348.2142857	0	303.5714286	0	0	0	0	0	0	0	0	17.85714286	125	0	0	0	0	8.928571429	0	0	17.85714286	0	0	0	0	0	0	0	0	0	0	0	0	0	0	0	0	0	0	0	0	0	0	0	0	0	0	0	0	0	0	0	0	0	0	0
0.48	0	0	0	0	21.92982456	13.15789474	21.92982456	4.385964912	135.9649123	0	0	0	0	0	0	350.877193	0	184.2105263	0	0	0	0	0	0	0	0	21.92982456	4.385964912	0	0	0	0	223.6842105	0	0	8.771929825	0	4.385964912	0	0	0	0	0	4.385964912	0	0	0	0	0	0	0	0	0	0	0	0	0	0	0	0	0	0	0	0	0	0	0	0	0	0	0
0.49	0	0	0	0	64.81481481	9.259259259	18.51851852	27.77777778	0	0	0	0	0	0	0	388.8888889	0	250	0	0	0	0	0	0	0	0	18.51851852	120.3703704	0	0	0	0	9.259259259	0	0	83.33333333	0	0	0	0	0	0	0	0	0	0	0	0	0	0	0	0	0	0	0	0	0	0	0	0	0	0	0	0	0	0	0	0	0	0	0
0.51	0	0	11.62790698	0	69.76744186	0	0	0	46.51162791	11.62790698	0	0	0	0	0	488.372093	0	127.9069767	0	0	0	0	0	0	0	0	11.62790698	0	0	0	0	0	232.5581395	0	0	0	0	0	0	0	0	0	0	0	0	0	0	0	0	0	0	0	0	0	0	0	0	0	0	0	0	0	0	0	0	0	0	0	0	0	0
0.52	0	0	3.968253968	0	47.61904762	19.84126984	35.71428571	47.61904762	7.936507937	0	0	0	0	0	0	432.5396825	0	75.3968254	0	0	0	0	0	0	0	0	19.84126984	15.87301587	0	0	0	0	174.6031746	0	0	99.20634921	0	0	0	0	0	0	0	0	0	0	0	0	0	0	0	0	0	0	0	0	0	0	0	0	0	0	0	0	0	0	0	0	0	0	0
0.53	0	0	44.16403785	0	50.47318612	9.463722397	12.61829653	0	78.86435331	0	0	0	0	0	0	621.4511041	0	44.16403785	0	0	0	0	0	6.309148265	0	0	6.309148265	0	0	0	0	0	104.1009464	0	0	0	0	22.08201893	0	0	0	0	0	0	0	0	0	0	0	0	0	0	0	0	0	0	0	0	0	0	0	0	0	0	0	0	0	0	0	0	0
0.54	0	0	41.40127389	0	50.95541401	9.554140127	6.369426752	9.554140127	63.69426752	0	0	0	0	0	0	598.7261146	0	82.80254777	0	0	0	0	0	0	0	0	9.554140127	0	0	0	0	0	108.2802548	0	0	0	0	19.10828025	0	0	0	0	0	0	0	0	0	0	0	0	0	0	0	0	0	0	0	0	0	0	0	0	0	0	0	0	0	0	0	0	0
0.55	0	0	25.72347267	0	70.73954984	3.215434084	12.86173633	0	19.2926045	6.430868167	0	0	0	0	0	717.0418006	0	45.01607717	0	3.215434084	0	0	0	0	0	0	0	6.430868167	0	0	0	0	16.07717042	0	0	3.215434084	0	67.52411576	0	0	0	0	0	0	0	0	0	0	0	0	0	0	0	0	0	0	0	0	0	0	0	0	0	0	0	0	0	0	0	0	0
0.56	0	0	38.585209	0	64.30868167	12.86173633	9.646302251	3.215434084	102.8938907	0	0	0	0	0	0	559.4855305	0	41.80064309	0	0	0	0	0	9.646302251	0	0	6.430868167	0	0	0	0	0	118.9710611	0	0	0	0	32.15434084	0	0	0	0	0	0	0	0	0	0	0	0	0	0	0	0	0	0	0	0	0	0	0	0	0	0	0	0	0	0	0	0	0
0.57	0	0	29.22077922	0	74.67532468	6.493506494	12.98701299	3.246753247	58.44155844	0	0	0	0	0	0	646.1038961	0	22.72727273	0	0	0	0	0	0	0	0	0	0	0	0	0	0	71.42857143	0	0	3.246753247	0	71.42857143	0	0	0	0	0	0	0	0	0	0	0	0	0	0	0	0	0	0	0	0	0	0	0	0	0	0	0	0	0	0	0	0	0
0.58	0	0	94.98680739	0	34.30079156	2.638522427	29.0237467	108.1794195	10.55408971	0	0	0	0	0	0	514.5118734	0	76.5171504	0	0	0	0	0	0	0	0	10.55408971	2.638522427	0	0	0	0	81.79419525	0	0	10.55408971	0	2.638522427	0	0	0	0	0	2.638522427	0	0	0	0	0	0	0	0	0	0	0	0	0	0	0	0	0	0	0	0	0	0	0	0	0	0	0
0.59	0	0	91.46341463	0	88.41463415	6.097560976	18.29268293	0	103.6585366	3.048780488	0	0	0	0	0	551.8292683	0	36.58536585	0	0	0	0	0	15.24390244	0	0	3.048780488	0	0	0	0	0	73.17073171	0	0	0	0	9.146341463	0	0	0	0	0	0	0	0	0	0	0	0	0	0	0	0	0	0	0	0	0	0	0	0	0	0	0	0	0	0	0	0	0
0.6	0	0	45.60260586	0	104.2345277	26.05863192	6.51465798	3.25732899	32.5732899	6.51465798	0	0	0	0	0	602.6058632	0	81.43322476	0	0	0	0	0	13.02931596	0	0	3.25732899	6.51465798	0	0	0	0	0	0	0	0	0	65.1465798	0	0	0	0	0	0	0	0	0	0	0	0	0	0	0	0	0	0	0	0	0	0	0	0	0	0	0	0	0	0	0	0	0
0.61	0	0	101.5873016	0	82.53968254	6.349206349	0	3.174603175	85.71428571	3.174603175	0	0	0	0	0	615.8730159	0	41.26984127	0	0	0	0	0	15.87301587	0	0	3.174603175	3.174603175	0	0	0	0	34.92063492	0	0	0	0	3.174603175	0	0	0	0	0	0	0	0	0	0	0	0	0	0	0	0	0	0	0	0	0	0	0	0	0	0	0	0	0	0	0	0	0
0.62	0	0	45.84527221	0	65.9025788	0	0	11.46131805	45.84527221	0	0	0	0	0	0	679.0830946	0	37.24928367	0	0	0	0	0	22.9226361	2.865329513	0	0	8.595988539	0	0	0	0	48.71060172	0	0	11.46131805	0	2.865329513	0	5.730659026	0	0	0	0	0	0	0	0	0	0	0	0	0	0	0	0	0	0	0	0	0	0	0	0	0	0	0	0	0	0	0
0.63	0	6.134969325	95.09202454	0	49.0797546	0	6.134969325	6.134969325	36.80981595	0	0	0	0	0	0	622.6993865	0	33.74233129	0	0	0	0	0	49.0797546	0	0	0	12.26993865	0	0	0	0	21.47239264	0	0	24.5398773	0	6.134969325	0	0	0	0	0	21.47239264	0	0	0	0	0	0	0	0	0	0	0	0	0	0	0	0	0	0	0	0	0	0	0	0	0	0	0
0.64	0	0	76.68711656	0	73.6196319	0	0	9.202453988	39.87730061	0	0	0	0	0	0	641.1042945	0	55.21472393	0	0	0	0	0	36.80981595	0	0	3.067484663	12.26993865	0	0	0	0	3.067484663	0	0	9.202453988	0	3.067484663	0	0	0	0	0	27.60736196	0	0	0	0	0	0	0	0	0	0	0	0	0	0	0	0	0	0	9.202453988	0	0	0	0	0	0	0	0
0.66	0	0	60.31746032	0	101.5873016	0	3.174603175	9.523809524	57.14285714	0	0	0	0	0	0	628.5714286	0	57.14285714	0	0	0	0	0	15.87301587	0	0	3.174603175	9.523809524	0	0	0	0	31.74603175	0	0	12.6984127	0	0	0	0	0	0	0	6.349206349	0	0	0	0	0	0	0	0	0	0	0	0	0	0	0	0	0	0	0	0	0	0	0	0	0	0	0
0.67	0	0	50.27932961	0	94.97206704	0	0	13.96648045	58.65921788	5.586592179	0	0	0	0	0	614.5251397	0	47.48603352	0	0	0	0	0	36.31284916	0	0	2.793296089	2.793296089	0	0	0	0	11.17318436	0	0	5.586592179	0	25.1396648	0	0	0	0	0	11.17318436	0	0	0	0	0	0	0	0	0	0	0	0	0	0	0	0	0	0	0	0	0	0	0	0	0	0	0
0.68	0	0	142.8571429	0	71.42857143	0	0	35.71428571	142.8571429	0	0	0	0	0	0	392.8571429	0	71.42857143	0	0	0	0	0	0	0	0	0	0	0	35.71428571	0	0	0	0	0	107.1428571	0	0	0	0	0	0	0	0	0	0	0	0	0	0	0	0	0	0	0	0	0	0	0	0	0	0	0	0	0	0	0	0	0	0	0
0.69	0	0	115.3846154	0	230.7692308	0	0	0	115.3846154	0	0	0	0	0	0	384.6153846	0	0	0	0	0	0	0	0	0	0	0	0	0	0	0	0	0	0	0	38.46153846	0	76.92307692	0	0	0	0	0	38.46153846	0	0	0	0	0	0	0	0	0	0	0	0	0	0	0	0	0	0	0	0	0	0	0	0	0	0	0
0.7	0	0	71.20743034	0	52.63157895	18.57585139	9.287925697	12.38390093	37.15170279	6.191950464	0	0	0	0	0	647.0588235	0	65.01547988	0	0	0	0	0	40.24767802	0	0	9.287925697	0	0	0	0	0	3.095975232	0	0	0	0	21.67182663	0	0	0	0	0	0	0	0	0	0	0	0	0	0	0	0	0	0	0	0	0	0	0	0	0	0	0	0	0	0	0	0	0
0.71	0	0	97.22222222	0	152.7777778	0	0	0	138.8888889	0	0	0	0	0	0	472.2222222	0	41.66666667	0	0	0	0	0	0	0	0	0	0	0	0	0	0	0	0	0	55.55555556	0	0	0	0	0	0	0	0	0	0	0	0	0	0	0	0	0	0	0	0	0	0	0	0	0	0	0	0	0	0	0	0	0	0	0
0.72	0	38.96103896	142.8571429	0	90.90909091	0	0	12.98701299	51.94805195	0	0	0	0	0	0	558.4415584	0	51.94805195	0	0	0	0	0	0	0	0	0	25.97402597	0	0	0	0	0	0	0	0	0	0	0	0	0	0	0	12.98701299	0	0	0	0	0	12.98701299	0	0	0	0	0	0	0	0	0	0	0	0	0	0	0	0	0	0	0	0	0
0.73	0	34.68208092	63.58381503	0	92.48554913	0	0	23.12138728	63.58381503	0	0	0	0	0	0	491.3294798	0	75.14450867	0	0	0	0	0	34.68208092	0	0	5.780346821	17.34104046	0	0	0	0	0	0	0	28.9017341	0	28.9017341	0	0	0	0	0	23.12138728	0	0	0	0	0	0	0	0	0	0	0	0	0	0	0	0	0	0	0	0	0	0	0	0	0	0	0
0.74	0	0	82.6446281	0	99.17355372	0	0	24.79338843	16.52892562	0	0	0	0	0	0	537.1900826	0	123.9669421	0	0	0	0	0	16.52892562	0	0	0	8.26446281	0	0	0	0	0	0	0	0	0	0	0	0	0	0	0	82.6446281	0	0	0	0	0	0	0	0	0	0	0	0	0	0	0	0	0	0	0	0	0	0	0	0	0	0	0
0.75	0	0	25.97402597	0	51.94805195	12.98701299	0	6.493506494	16.23376623	0	0	0	0	0	0	639.6103896	0	77.92207792	0	0	0	0	0	25.97402597	0	0	3.246753247	9.74025974	0	0	0	0	0	0	0	0	0	25.97402597	0	0	0	0	0	103.8961039	0	0	0	0	0	0	0	0	0	0	0	0	0	0	0	0	0	0	0	0	0	0	0	0	0	0	0
0.76	0	0	82.9015544	0	41.4507772	0	0	15.54404145	31.0880829	0	0	0	0	0	0	575.1295337	0	88.08290155	0	0	0	0	0	10.3626943	0	0	0	10.3626943	0	0	0	0	0	0	0	5.18134715	0	0	0	0	0	0	0	134.7150259	0	0	0	0	0	0	0	0	0	0	0	0	0	0	0	0	0	0	0	0	0	0	0	0	0	0	0
0.77	0	0	53.57142857	0	65.47619048	0	17.85714286	0	11.9047619	0	0	0	0	0	0	458.3333333	0	83.33333333	0	0	0	0	0	29.76190476	5.952	0	0	5.952380952	0	0	0	0	0	0	0	0	0	5.952380952	0	0	0	0	0	255.952381	0	0	0	0	0	5.952380952	0	0	0	0	0	0	0	0	0	0	0	0	0	0	0	0	0	0	0	0	0
0.78	0	0	36.03603604	0	36.03603604	27.02702703	18.01801802	9.009009009	27.02702703	0	0	0	0	0	0	504.5045045	0	45.04504505	0	0	0	0	0	27.02702703	0	0	9.009009009	9.009009009	0	0	0	0	0	0	0	0	0	0	0	9.009009009	0	0	0	243.2432432	0	0	0	0	0	0	0	0	0	0	0	0	0	0	0	0	0	0	0	0	0	0	0	0	0	0	0
0.79	0	0	18.60465116	0	65.11627907	13.95348837	9.302325581	4.651162791	27.90697674	0	0	0	0	32.55813953	0	441.8604651	0	79.06976744	0	0	0	0	0	9.302325581	0	0	0	9.302325581	0	0	0	0	0	0	0	4.651162791	0	0	0	0	0	0	0	269.7674419	0	0	0	0	0	9.302325581	0	0	0	0	0	0	0	0	0	0	0	0	0	0	0	0	0	0	0	0	0
0.81	0	0	27.77777778	0	55.55555556	0	120.3703704	18.51851852	27.77777778	0	0	0	0	0	0	370.3703704	0	111.1111111	0	0	0	0	0	9.259259259	0	0	0	18.51851852	0	0	0	0	0	0	0	18.51851852	0	0	0	0	0	0	0	194.4444444	0	0	0	0	0	0	0	0	0	0	0	0	0	0	0	0	0	0	0	0	0	0	0	0	0	0	0
0.82	0	0	115.3846154	0	0	0	38.46153846	38.46153846	38.46153846	0	0	0	0	0	0	192.3076923	0	307.6923077	0	0	0	0	0	0	0	0	0	0	0	0	0	0	0	0	0	0	0	0	0	0	0	0	0	230.7692308	0	0	0	0	0	0	0	0	0	0	0	0	0	0	0	0	0	0	0	0	0	0	0	0	0	0	0
0.83	0	0	54.79452055	0	54.79452055	0	27.39726027	27.39726027	13.69863014	0	0	0	0	0	0	232.8767123	0	82.19178082	0	0	0	0	0	0	0	0	0	27.39726027	0	0	0	0	0	0	0	0	0	27.39726027	0	0	0	0	0	424.6575342	0	0	0	0	0	0	0	0	0	0	0	0	0	0	0	0	0	0	0	0	0	0	0	0	0	0	0
0.84	0	0	20.6185567	0	61.8556701	0	30.92783505	41.2371134	30.92783505	0	0	0	0	0	0	515.4639175	0	92.78350515	0	0	0	0	0	20.6185567	0	0	0	10.30927835	0	0	0	0	20.6185567	0	0	0	0	51.54639175	0	0	0	0	0	103.0927835	0	0	0	0	0	0	0	0	0	0	0	0	0	0	0	0	0	0	0	0	0	0	0	0	0	0	0
0.86	0	0	10.58201058	0	68.78306878	0	5.291005291	21.16402116	15.87301587	5.291005291	0	0	0	0	0	645.5026455	0	42.32804233	0	0	0	0	0	5.291005291	0	0	10.58201058	21.16402116	0	0	0	0	0	0	0	0	0	15.87301587	0	0	0	0	0	121.6931217	0	0	0	0	0	5.291005291	0	0	0	0	0	0	0	0	0	0	0	0	0	0	0	0	0	0	0	0	0
0.88	0	0	0	0	250	0	0	0	41.66666667	0	0	0	0	0	0	208.3333333	0	250	0	41.66666667	0	0	0	0	0	0	0	41.66666667	0	0	0	0	0	0	0	0	0	0	0	0	0	0	0	83.33333333	0	0	0	0	0	41.66666667	0	0	0	0	0	0	0	0	0	0	0	0	0	0	0	0	0	0	0	0	0
0.89	0	0	0	0	108.1081081	0	81.08108108	135.1351351	0	0	0	0	0	0	0	324.3243243	0	189.1891892	0	0	0	0	0	0	0	0	0	0	0	0	0	0	0	0	0	54.05405405	0	27.02702703	0	0	0	0	0	27.02702703	0	0	27.02702703	0	27.02702703	0	0	0	0	0	0	0	0	0	0	0	0	0	0	0	0	0	0	0	0	0	0
0.9	0	0	32.78688525	0	140.9836066	36.06557377	22.95081967	13.1147541	19.67213115	6.557377049	0	0	0	0	0	413.1147541	0	157.3770492	0	0	0	0	0	22.95081967	0	0	0	13.1147541	0	0	0	0	0	0	0	16.39344262	78.68852459	0	0	0	0	0	0	19.67213115	0	0	0	0	0	0	0	0	0	0	0	0	0	0	0	0	0	0	0	0	0	0	0	0	0	0	0
0.91	0	0	0	0	300	0	200	0	0	100	0	0	0	0	0	100	0	100	0	0	0	0	0	0	0	0	100	0	0	0	0	0	0	0	0	100	0	0	0	0	0	0	0	0	0	0	0	0	0	0	0	0	0	0	0	0	0	0	0	0	0	0	0	0	0	0	0	0	0	0	0
0.93	0	0	0	0	214.2857143	0	0	71.42857143	214.2857143	0	0	0	0	0	0	214.2857143	0	214.2857143	0	0	0	0	0	0	0	0	0	0	0	0	0	0	0	0	0	71.42857143	0	0	0	0	0	0	0	0	0	0	0	0	0	0	0	0	0	0	0	0	0	0	0	0	0	0	0	0	0	0	0	0	0	0	0
0.94	0	0	0	0	416.6666667	0	0	50	208.3333333	0	0	0	0	0	0	100	0	41.66666667	0	0	0	0	0	20	0	0	0	0	0	0	0	0	0	0	0	0	0	0	0	0	0	0	0	125	0	0	0	0	0	0	0	0	0	0	0	0	0	0	0	0	0	0	0	0	0	0	0	0	0	0	0
0.97	0	0	0	0	0	0	0	0	0	0	0	0	0	0	0	0	0	1000	0	0	0	0	0	0	0	0	0	0	0	0	0	0	0	0	0	0	0	0	0	0	0	0	0	0	0	0	0	0	0	0	0	0	0	0	0	0	0	0	0	0	0	0	0	0	0	0	0	0	0	0	0
0.98	0	0	50	0	175	25	0	25	0	0	0	0	0	0	0	300	0	100	0	0	0	0	0	25	0	0	0	25	0	0	0	0	0	0	0	0	0	75	0	0	0	0	0	175	0	0	0	0	0	0	0	0	0	0	0	0	0	0	0	0	0	0	0	0	0	0	0	0	0	0	0
1.45	0	0	31.96347032	0	168.9497717	36.52968037	50.2283105	63.92694064	41.09589041	9.132420091	0	0	0	0	0	319.6347032	0	118.7214612	0	0	0	0	0	45.66210046	0	0	0	13.69863014	0	0	0	0	0	0	0	9.132420091	0	4.566210046	0	0	0	0	0	73.05936073	0	0	0	0	0	0	0	0	0	0	0	0	0	0	0	0	0	0	0	0	0	0	0	0	0	0	0
1.54	0	0	37.73584906	0	169.8113208	25.1572327	25.1572327	37.73584906	25.1572327	0	0	0	0	0	0	119.4968553	0	31.44654088	0	0	0	0	0	88.05031447	0	0	6.289308176	12.57861635	0	0	0	0	0	0	0	0	0	6.289308176	0	6.289308176	0	0	0	396.2264151	0	0	0	0	0	0	0	0	0	0	0	0	0	0	0	0	0	0	0	0	0	0	0	0	0	0	0
1.63	0	0	25.1572327	0	169.8113208	6.289308176	0	25.1572327	12.57861635	0	0	0	0	0	0	339.6226415	0	125.7861635	0	6.289308176	0	0	0	213.836478	0	0	0	18.86792453	0	0	0	0	6.289308176	0	0	6.289308176	0	44.02515723	0	0	0	0	0	0	0	0	0	0	0	0	0	0	0	0	0	0	0	0	0	0	0	0	0	0	0	0	0	0	0	0	0
1.73	0	0	27.02702703	0	198.1981982	18.01801802	18.01801802	18.01801802	0	9.009009009	0	0	0	0	0	108.1081081	0	423.4234234	0	0	0	0	0	27.02702703	0	0	0	9.009009009	0	0	0	0	9.009009009	18.01801802	0	0	0	27.02702703	0	0	0	0	0	81.08108108	0	0	0	0	0	0	0	0	0	0	0	0	0	0	0	0	0	0	0	0	0	0	0	0	0	0	0
1.81	0	0	12.65822785	0	46.41350211	12.65822785	12.65822785	4.219409283	12.65822785	0	0	0	0	0	0	12.65822785	0	46.41350211	0	0	0	0	0	0	0	0	0	0	0	0	0	0	0	0	0	0	0	12.65822785	0	4.219409283	0	0	0	818.5654008	0	0	0	0	0	0	0	0	0	0	0	0	0	0	0	0	0	0	0	0	0	0	0	0	0	0	0
