"","MLD1","MLD2","MLD3","MLD4","MLD5","MLD6","MLD7","MLD8","MLD9","MLD10","MLD11","MLD12","MLDann","MLDwin","MLDspr","MLDsum","MLDaut"
"0.040394737",238.860504746704,396.374639881509,501.153726798408,241.455964444948,50.2547981631597,23.2216437662993,19.1936403681074,19.9774538568502,35.6591011006285,61.9711276248116,100.520898217075,176.846428506229,155.457493956227,378.79629047554,104.977468791469,24.943398441862,113.112818116039
"0.431315789",175.273635638248,318.818682073095,427.985828129267,191.810083905568,45.871401068655,23.2670843165361,18.3468280801513,19.2691733682686,29.7775727694171,52.1990521658496,85.0057180460054,137.871832358358,127.124740993285,307.35938194687,86.9828564302529,22.464524739279,91.6922008567376
"0.822236842",137.329846855916,244.488024418101,296.426707534028,183.729573917802,45.9448584162891,21.5874395220039,14.6592684352902,17.1772915988943,25.1140720594594,40.0790766961903,58.9680975329368,83.5345516700509,97.4199007214135,226.081526269348,83.7539572853649,18.9835440312146,60.860575299726
"1.213157895",178.826078859174,315.835146777849,373.313791680497,208.101291896171,49.677818206511,18.9352452052104,14.3528940895185,16.000121736285,23.8101029233047,41.0540952813733,71.6839698376482,124.237484582593,119.652336756345,289.325005772507,92.2381184359642,18.0543729163694,78.991849900538
"1.604078947",183.476668864233,301.570177853933,428.159254625057,176.269870482308,40.8951747955086,20.7957495184302,17.1029676073675,17.9516517845137,29.8731201338703,43.3416642206855,72.0413752796485,108.542320129308,120.001666274572,304.402033781074,79.3202649320824,21.6425798419172,74.6417865432139
"1.995",109.695790046057,209.765733782265,269.599921906339,122.377113963079,34.6737328728542,20.0110886285376,14.4628083302923,16.0176528313943,24.4695839592908,37.8881481654749,51.7986249467937,78.72983476236,82.4575028495615,196.353815244887,59.0206451548237,18.3166817069924,56.1388692915429
"2.385921053",215.020094424655,232.588091074685,260.179858640733,247.400046936118,67.2183980709649,22.9723833059342,17.7737420215868,20.0966305379962,31.6080682366331,56.7070175700267,109.946219702091,173.28257863849,121.232760763326,235.929348046691,112.530276104339,23.1594802654054,113.311938636869
"2.776842105",204.063207000938,279.411654188384,360.383647134431,206.198381406842,70.800481114684,26.2272222712896,20.3068271807884,24.1063881745361,36.3859859218921,62.2720954534414,107.042048411592,164.964904069616,130.180236860703,281.286169441251,101.075361597605,26.9330670924056,111.42634931155
"3.167763158",136.007821355086,154.559793609001,201.54199722748,208.723969636498,55.5443385703333,18.9753550724268,15.507389368053,17.2651446337748,25.5511599132887,44.2308358699657,74.5239264244601,113.934580783826,88.8638593720162,164.036537397189,94.4145544264194,19.4412313050389,77.5631143594173
"3.558684211",50.1351133101184,45.2348443253247,33.6332699064834,23.6775820005408,13.0776388918979,10.9965892969313,10.6208557014043,10.7305850653509,12.9438085131628,22.0644001446191,29.1235657044977,39.1904282166879,25.1190567564183,43.0010758473088,15.9172700631233,11.4317497599727,30.1261313552682
"3.949605263",103.966556025143,89.8430722767189,92.5176171461235,71.8173182452828,35.0783314024873,19.3251686557777,15.7787601025649,17.0536240756897,24.2080279465956,40.756977811426,64.4868677783946,93.5452367467479,55.6981298510793,95.4424151493284,42.0736061011826,19.0134707082834,66.2630274455228
"4.340526316",111.580626732266,148.479780490837,168.616953684655,117.546245612592,39.3697406177826,19.2200992804001,13.622215789425,15.415910461355,21.3314403041354,38.481719848809,57.7733280478291,101.006381086842,71.0370368297439,142.892453635919,58.7120285035915,16.7898555183051,65.7538096611601
"4.731447368",106.028247858842,91.4082255389905,106.199627290274,90.460812352491,43.8885925538089,21.0872977842097,16.1216792535503,18.1835298221999,25.0454241280836,41.0954011162739,69.871785690893,98.0518634879488,60.6202072397971,101.212033562702,51.8122342301698,19.7835444012779,69.6730167650386
"6.686052632",43.0605916977305,46.6299225739011,44.9808849955668,32.4997003575091,14.4222446482743,11.5237602650236,10.641029228623,10.5988728015641,13.3003696182405,18.8910629729131,29.4185584401517,39.9818771660666,26.3290728971304,44.8904664223995,19.4819017569357,11.5134238828092,29.4304995263771
"7.076973684",89.531260655071,94.8016338110388,101.763147914564,45.5731759516349,21.8229820037137,15.5543294600296,12.9390388725369,12.6936845251392,17.8266968629459,27.543852575701,50.854849177575,73.9053203252928,47.0674976779369,95.3653474602246,27.6501624717928,14.4864734202073,50.7680073595229
"7.467894737",70.2491194860694,74.6290311186337,86.817690082722,42.0106547668387,22.349472393863,15.9384281004735,12.6310576818008,13.1644691794368,17.0643961367238,22.4303435662994,41.0963065319309,59.4130751140745,39.8161703465722,77.2319468958084,26.7661850870584,14.2866409993205,40.9799084041016
"7.858815789",85.5853157275085,93.7910226087267,90.3036579300999,60.7963330154418,29.2256424639149,17.8914698380032,13.6443700925326,13.8509512430457,20.6869027983575,32.3700098917101,54.0865909137607,77.5225984014988,49.1462387437167,89.8933320887784,35.97114843912,16.0607413779786,54.6597330689899
"8.249736842",29.6302448324559,30.4625188246441,38.066965469937,31.1470122211262,15.2926586384433,11.4685718488012,10.8718539414685,11.1368197977147,12.7221855736925,15.2322306068709,22.1134957209598,27.4891632488322,21.3028100604122,32.7199097090123,19.3027475694569,11.5769531042919,21.6116298588876
"8.640657895",105.486367913659,143.845360732702,162.288618646655,75.9815297944154,31.7431425479516,16.6069684249739,14.0677962293276,15.2586203359394,19.4591823116476,26.2294508979666,40.1001545301877,70.6288134429919,60.1413338173681,137.206782431005,41.4438802557803,16.2618662923048,45.652806290382
"9.031578947",55.0578763554311,60.1126798626455,77.4337555681941,46.4940945913209,29.4451703459939,17.3798650486807,13.3218103371843,14.4610271360951,17.4046794008047,19.8586333862173,29.2246495931302,40.9822516829669,35.0980411090554,64.2014372620902,31.1063766619985,15.0625056246947,30.0218448874381
"9.4225",108.145994033453,126.435735934219,159.754234032289,91.7305790541478,28.2582242656771,14.3924613215482,13.0209054216451,13.9759704737338,18.569023951376,25.9193240170206,42.704355424606,66.6111440445561,59.126495997856,131.44532133332,44.7937548804577,15.1886332822516,45.0782744953942
"9.52525",56.5485089002511,57.8926954186084,59.2424184734269,46.261112025986,22.2600068113485,15.3370801179168,12.8848338939599,13.0889562215823,17.4610954093647,24.1698090679181,34.7247329354091,47.8648412537279,33.978007544125,57.8945409307621,27.9527329850838,14.478295174969,35.5864610856851
"9.628",53.724851496627,59.8258291913503,57.5833664065095,49.5147111349486,34.4142090497281,20.7295987038716,13.6252351941318,15.3938733699431,21.1128199906012,29.1620646314685,38.2059176436445,45.6300879220615,36.5768803945738,57.0446823648289,34.8861729628494,16.7106428515587,37.6660233990582
"9.73075",37.8767609302297,35.8929433302983,31.8895340748348,24.9497679128966,17.3632243427934,13.1552413599003,11.2476497505939,11.1674193906957,12.6256125785166,16.4488832740074,21.8999177338221,28.347170448204,21.9053437605661,35.2197461117876,18.4894112051968,11.6802272399354,22.2319904853445
"9.8335",34.4015053427661,40.0782392876379,49.2576171237513,40.0354756432768,28.9129185424231,17.4777806759775,12.810600501029,13.7581545124284,15.6007924222616,18.0839424316173,21.4756763686537,26.5668611273933,26.538296998268,41.2457872513851,28.8087249538925,14.0565158119063,22.0421599758881
"9.93625",57.683812854049,65.3071861451619,77.9781900390932,45.2114006478881,29.1705531609418,18.5120136440571,13.5030474200458,14.9382200284972,18.1403158284232,23.0078412464969,32.5537023705121,44.182431719669,36.6823929254029,66.9897296794347,30.964655817629,15.5271944256554,33.2479917788927
"10.039",52.6316541277835,48.4375731033844,41.8835897561317,28.8874696550762,18.7663495274477,13.383210721957,11.8081947437237,12.0503912599805,16.222501567855,23.6410413084086,35.2393411901885,45.5769825291416,29.0440249575899,47.6509389957665,20.345676634827,13.3603625238531,34.8191216759129
"10.14175",35.5421515405045,33.4908704402455,30.9099882164808,21.5614654058384,15.8511427682537,11.3896947397886,10.7815472408724,10.830047303262,12.2351577607281,16.3498451161402,22.6097757701815,28.3337976062125,20.823790325709,33.3143367324103,16.2674343046269,11.2822507682875,22.4311394975114
"10.2445",37.8767609302297,35.8929433302983,31.8895340748348,24.9497679128966,17.3632243427934,13.1552413599003,11.2476497505939,11.1674193906957,12.6256125785166,16.4488832740074,21.8999177338221,28.347170448204,21.9053437605661,35.2197461117876,18.4894112051968,11.6802272399354,22.2319904853445
"10.34725",32.2889489254528,33.823265799197,35.0076267410971,22.9409758617741,13.0451814926725,11.3761344455335,10.6734068177341,10.664261112152,12.3529285788707,15.9270644033738,24.0319378127144,34.045386279579,21.3480931891793,33.7066138219156,15.7874305999934,11.2301988362523,24.6681294985557
"10.45",39.8582741005205,38.4010674201079,49.6972961844738,45.0407912905781,21.2890562082779,12.5163471385513,11.473817520764,12.4405341822023,15.1901246430027,19.6624221002279,29.9229664850328,32.7129579721356,27.3504712704896,42.6522125683674,26.2820648791358,13.0348254486564,27.4327821857988
"10.55275",35.1704751686649,33.2426290769683,40.7974473101855,32.36033831032,17.2199907962071,11.4504449501798,10.880232782633,11.0354304758936,12.4844740844737,16.6087391416491,27.5717221146006,31.4772091482488,23.3582611133354,36.4035171852729,20.3435913522357,11.4667124476668,25.2192234681662
"10.6555",28.0801003988498,26.1359454612514,30.2569154815376,20.9924243411343,11.7357673630891,10.6087894609366,10.4032861942828,10.3734057052104,11.5707784879121,14.0495550071774,20.7334885263024,25.8602320844697,18.4000573760128,28.1576537805463,14.4456603883867,10.7824901291351,20.2144252059832
"10.75825",31.8523780604102,33.3915144802832,35.917163785324,30.3778210052154,19.0077682808185,13.2491620249655,11.213541803319,11.1340513377328,12.8699220320807,16.5716594582595,25.4471094777573,27.0385473061654,22.3392199210276,33.7203521086724,20.8782504369998,11.7391717243775,23.0191054140607
"10.861",32.2889489254528,33.823265799197,35.0076267410971,22.9409758617741,13.0451814926725,11.3761344455335,10.6734068177341,10.664261112152,12.3529285788707,15.9270644033738,24.0319378127144,34.045386279579,21.3480931891793,33.7066138219156,15.7874305999934,11.2301988362523,24.6681294985557
"10.96375",29.505403554915,31.9824013988681,31.7722650740927,21.9306841490203,12.4862241389978,11.0979927109315,10.5975786206204,10.6040150298836,12.0415694353703,15.4901729463073,22.9747826101163,31.9811739928094,20.2053553051611,31.0866900092919,15.1716336663165,11.0810543619581,23.4820431830777
"11.0665",41.5316577798843,58.7443081706525,48.2228393480828,45.5867467039151,26.3461091515532,16.4320095882138,12.4897110820924,12.9286613710299,17.385679968591,23.1057578413218,32.2919173989582,32.3198430261487,30.6154367858703,49.4996017662065,29.454955147894,14.2680174739044,29.2391727554762
"11.16925",37.9825764381964,55.9939970242527,44.7488524027129,44.590611107094,30.3504642446697,18.4486179215125,13.0335148464077,14.6685062037317,18.4644704218464,22.7491417218816,27.7676398235862,31.1912807835814,29.9991394116228,46.2418086217207,31.1298977577587,15.388830490662,27.2360207763497
"11.272",32.8088990472794,35.4276224799336,35.3756789364363,30.7168255238003,17.5512184636921,12.7607576026369,11.2361365624838,11.782037092376,13.8379526212132,18.8679792197092,29.2261883787249,30.1402653975524,23.3109634438198,34.5374001545498,20.3429338633764,12.2853754253577,26.0781443319955
"11.37475",37.3017939209631,38.8325164852426,47.5338637654251,42.1262752015173,20.9509043281086,12.5693943346024,11.508819083086,12.0964821740834,14.1363624200921,18.3700664516707,29.318381750679,33.767567190447,26.5427022588264,41.222724723877,25.2155246214095,12.5805545590872,27.1520051309322
"11.4775",49.3048190087498,46.0654094114212,57.0979655250506,41.9054706691145,24.9532793469923,12.2634250903033,11.4493812866258,12.1970713689905,14.8367594875914,20.2289117641585,32.5858003263076,42.6722265108035,30.4633766496758,50.8227313150739,26.3740583688034,12.8277373810692,31.8289795337566
"11.58025",32.2377391850108,33.0693822847376,34.7124939297775,29.3986434681908,15.5828223747244,12.1334541117376,10.9673875931225,11.4383828483019,13.4712193512276,17.2486441028824,24.087961166727,27.6801885594414,21.8356932479901,33.339871799842,19.0383066515509,11.9589965975507,23.0055979430169
"11.683",31.9521001390283,36.922609300353,36.8417458486676,24.904228375294,12.9607270901986,11.2418267591845,10.6700545786497,10.6611338681485,12.5469197033794,16.0466558839535,25.544071945133,36.1776011972784,22.2058062241057,35.2388184293496,16.3689274082257,11.2927027167259,25.9227763421217
"11.78575",31.8567302892295,36.018168159603,37.736565126726,35.9726179502254,22.1272318746033,13.1573703755177,11.4693201979712,12.2234821466857,14.1257527857039,17.7254502708011,23.7124180000326,27.6517761195175,23.6480736080514,35.2038211918528,23.7524067334488,12.6061850434536,23.0298814634504
"11.8885",80.352333911105,115.655166315418,118.963065260434,69.251451041919,26.33107708471,14.7497547868243,12.747685134097,12.9702924605721,17.1535030810474,21.4320955242327,29.7919686829483,48.2786699410784,47.3064219353655,104.990188495652,36.7774276378178,14.2904935585722,33.1675780494198
"11.99125",54.4455439123583,69.5481704247163,62.2507354827677,40.0138262826246,17.6983364517137,12.3850684352781,10.9163014685387,10.8987106451377,12.8273312948617,17.3265197903373,25.5402643315868,42.4420855311843,31.3577411709254,62.0814832732808,23.3657437232055,11.547447802846,28.4362898843695
"12.094",35.2007133683705,37.9361266174062,42.2467352103754,43.4872035505951,36.1758065274438,18.1891730389838,13.1906804640611,14.8328915998249,17.8197457913,20.6277652771246,27.507970237051,33.4952531724535,28.3925054045825,38.4611917320507,32.6173943723409,15.2811059517287,27.2103295622097
"12.19675",47.8358237838969,72.4247002349517,95.4186867973016,49.0224698852916,21.5148188780406,13.8489829392131,11.6208522859014,11.4190946634734,15.7614419342827,19.5586850840646,25.6421265143181,29.3547776438428,34.4518717203815,71.8930702720501,28.1287572341817,12.9337962945525,24.8518630807418
"12.2995",46.3893445859169,47.3479105140351,53.1994236278642,54.5326604140702,28.2251177529923,22.9344749344404,12.8255122334921,12.5801344439366,15.2584611342617,22.4755720978032,25.3777744914006,45.5909830265948,32.228114104734,48.9788929092721,35.2307510338343,13.5547026038968,31.1481098719329
"12.40225",65.6703082102871,70.9382853558791,81.3031573478449,68.4794862033514,31.7598818545628,20.1016779834571,11.6341904101061,11.7014572453127,16.1924197437626,25.8811584768841,27.6848468840742,46.1146504163904,39.7884600109927,72.6372503046704,40.1136820137905,13.1760224663938,33.2268852591162
"12.505",58.9772754198099,62.4422772665975,66.876252353815,55.7741345827299,30.7287750289564,22.909097863627,12.0728262624558,12.246864235512,15.5557254417041,26.7121527688713,28.5666485456223,50.0528214615575,36.9095709359382,62.7652683467408,36.4706691584378,13.291805313224,35.1105409253504
"12.55864286",65.1262874005353,71.5981312201679,76.6069996267519,57.8470841304792,29.2651152497972,25.8875786972251,12.6474511822887,11.5279261966632,15.9558568084407,29.4286834059522,27.7613706001471,54.9978516765693,39.8875280162515,71.1104727491517,37.6665926925005,13.3770780624642,37.3959685608895
"12.61228571",147.919980628742,159.450798578957,157.929171235428,124.944746878835,40.4592713609191,23.7433727312503,18.0747214694291,18.5551968022633,30.8694755283914,49.1979148200926,76.9240447384968,128.44298810562,81.375973573202,155.099983481042,63.0491303236681,22.4997979333613,84.8549825547363
"12.66592857",61.6197161502227,62.3135967759183,64.0975147081447,48.3522622485947,29.8173094346754,22.9814641246958,12.205750715336,11.681047166012,16.9613547289672,30.1369337701964,28.780990701884,51.8565882690149,36.7337107328052,62.6769425447619,33.7170119359886,13.6160508701051,36.9248375803651
"12.71957143",144.11526248659,174.106871761336,156.074277473533,155.632448205512,43.202484989575,18.196441460937,14.6132844436459,16.2591016143005,21.8475674837214,39.3481184261553,66.169384075757,107.998176630749,79.7969515876511,158.098803907153,72.3437915520081,17.5733178472226,71.1718930442206
"12.77321429",38.804547477961,54.6429435947081,54.5497728634659,50.7330728308096,31.60711437894,17.7581697118657,14.3644973819647,13.5118580784035,15.6113281116578,20.835492265764,22.0527613612687,30.922773484778,30.4495276284656,49.332421312045,33.3661189738718,14.4958945240087,24.6036757039369
"12.82685714",71.8554157601641,81.0090725247757,101.517238391819,87.3933353897968,33.0157210722308,29.1328137411338,13.0344691773515,11.3528439860307,14.5660599688833,27.4732714655415,27.545101694593,60.681783864762,46.5480939197569,84.7939088922531,49.8472900677205,12.9844577107552,38.5667190082988
"12.8805",33.4439901691154,29.5494303464097,41.5208223922857,56.458956764779,29.8016450766321,12.6141343302349,11.6512490068056,13.0810404602353,14.7704043882205,16.5935476745579,26.7329033703331,31.3622251927534,26.4650290976969,34.8380809692703,32.9582453905487,13.1675646184204,24.8962254125481
"12.91973611",40.2766753928058,40.2626107376383,40.2465111713539,40.3860719985211,23.3293989553364,16.1248718941742,11.7175577879015,12.7525258967729,14.1553785674464,19.3150111041787,27.1767326972285,34.6232040849907,26.697212524029,40.2619324339327,26.6134476160106,12.8751540840403,27.0383159621326
"12.95897222",73.4836393041101,84.8450110524879,65.2110289237349,53.2828247432647,30.3012932909025,14.6726275412469,12.9788767012913,13.3349597456828,15.8509891067907,24.2734738920936,36.4682714135672,53.0476885233308,39.8125570198753,74.5132264267776,32.752248525138,14.0549418512549,37.9298112763305
"12.99820833",60.1458943308701,108.535005178188,148.542593885155,56.2374136068473,23.9115166499875,14.3377356212663,11.9137160410044,11.6828746969056,17.6451167692566,22.4265444123288,30.3460714295128,35.6882402355941,45.1177269047431,105.741164464738,31.4955552927004,13.7472358357222,29.4869520258119
"13.03744444",61.600885320629,80.1121545951101,91.6350623987223,53.264695785659,26.5534532451035,19.7326552928695,11.9224776087247,11.6305837584618,17.2067218982142,27.188651916302,29.8446784631787,45.8739509547489,39.713830936477,77.7827007714872,33.1836014412107,13.5865944218003,34.3024271114099
"13.07668056",61.4118119309901,88.9360419007545,93.0574953809515,50.5663715945505,27.1783196507906,21.1264572304496,13.0790396723391,12.8285273624318,17.4680130775433,28.1406523581558,28.89499070942,49.7157099607411,41.0336192357598,81.135116404232,32.9570494919302,14.4585267041047,35.5837843427723
"13.11591667",54.5795025077555,57.0885689179924,53.3597964696109,45.7874976213421,25.3237703359534,19.718058868346,11.976689590381,11.8172872853292,15.5589122158333,26.2978995825673,28.353610833345,43.389761712451,32.7709463284089,55.0092892984529,30.2764422752138,13.1176296971812,32.6804240427878
"13.15515278",61.600885320629,80.1121545951101,91.6350623987223,53.264695785659,26.5534532451035,19.7326552928695,11.9224776087247,11.6305837584618,17.2067218982142,27.188651916302,29.8446784631787,45.8739509547489,39.713830936477,77.7827007714872,33.1836014412107,13.5865944218003,34.3024271114099
"13.19438889",37.4268322375402,38.7821739054195,50.1326246540105,49.2960099337697,26.9005251168637,16.1242306960154,11.5386358244814,12.4329758091052,13.0761497560272,16.7014223028388,23.111754804393,33.1119556031286,27.3862742202994,42.1138769323234,30.7735885822163,12.349253796538,24.3083775701202
"13.233625",53.0811688060089,59.9768728721235,76.2173678907299,71.2610670919959,32.565379008441,19.8379452837006,11.9007457253657,12.535527248499,14.0100029510537,21.4279554147728,28.4001385716737,44.0440172926016,37.1048490130805,63.0918031896208,41.2214637947125,12.8154253083061,31.2907037596827
"13.27286111",54.4823302529382,82.9671023271871,91.5503419613557,52.4932587608595,25.6668930068656,18.1992949120226,13.4201717055648,13.1857041551022,16.2790067012942,22.5951730805021,28.2400388861241,40.4375665430727,38.2930735244074,76.3332581804937,32.1198155599159,14.2949608539871,30.424259503233
"13.31209722",65.545821602728,89.2308127917146,104.328250533854,63.353889331239,26.3079940674898,22.698786108931,12.4512303265364,11.6361516092484,16.1023753436736,24.8672388032499,28.9582436234741,49.5206799544409,42.9167895080484,86.368294976099,37.4535565025533,13.3965857598195,34.4487207937216
"13.35133333",67.7580000257742,96.2811965249878,110.747792843297,59.9468151153217,25.6897939286227,20.4920219829626,11.9024552461079,11.6428676724388,16.4856846313113,23.7947427317184,31.8120388579536,46.1698580430608,43.5602723002964,91.5956631313529,35.3762103423023,13.343669183286,33.9255465442443
"13.39056944",63.5920105026856,84.6945633029551,84.2927604930523,64.1418299509884,29.7069635746295,24.4999213480388,13.3214118219226,13.0109323388425,14.1358794426015,25.4087878378356,29.8256030096495,52.8327442609306,41.621950657011,77.526444766231,39.4495716245522,13.4894078677888,36.0223783694719
"13.42980556",61.600885320629,80.1121545951101,91.6350623987223,53.264695785659,26.5534532451035,19.7326552928695,11.9224776087247,11.6305837584618,17.2067218982142,27.188651916302,29.8446784631787,45.8739509547489,39.713830936477,77.7827007714872,33.1836014412107,13.5865944218003,34.3024271114099
"13.46904167",68.915761348747,93.80027483611,113.414588223717,65.0476502881721,27.9755250062681,22.9626149083074,12.0726348865319,11.6270805120073,15.1001381265588,24.2684724737162,30.5332698928916,50.2299062083201,44.6623263926123,92.0435414695248,38.6619300675825,12.933284508366,35.010549524976
"13.50827778",53.8530666792912,79.1362256386433,86.262339469658,53.9194715240655,26.7950191744348,17.3429842862626,13.1543435549347,13.3734112087137,16.5124834753925,21.6590553549918,29.4676096970443,41.5616511656618,37.7531384357578,73.0838772625308,32.685824994921,14.3467460796803,30.8961054058993
"13.54751389",57.316473537732,76.5662717312736,93.342839104657,55.7396447189492,25.0108060527991,19.6792880258565,12.7692867128465,11.8480132074209,16.5061765172789,22.9684140871074,27.2395491384,41.4226052477419,38.3674473401719,75.7418614578875,33.4765795992016,13.7078254791821,30.5435228244165
"13.58675",44.2225571673659,43.4814551231386,59.9439539698347,65.073035242912,32.3963171613195,15.962136574866,11.9529739610457,12.935095900283,14.6472808987573,18.5930129731201,27.9090148975197,37.0700272084918,32.0155717565545,49.2159887534464,37.8104963263658,13.178450253362,27.8573516930438
"13.62598611",61.4118119309901,88.9360419007545,93.0574953809515,50.5663715945505,27.1783196507906,21.1264572304496,13.0790396723391,12.8285273624318,17.4680130775433,28.1406523581558,28.89499070942,49.7157099607411,41.0336192357598,81.135116404232,32.9570494919302,14.4585267041047,35.5837843427723
"13.66522222",44.2225571673659,43.4814551231386,59.9439539698347,65.073035242912,32.3963171613195,15.962136574866,11.9529739610457,12.935095900283,14.6472808987573,18.5930129731201,27.9090148975197,37.0700272084918,32.0155717565545,49.2159887534464,37.8104963263658,13.178450253362,27.8573516930438
"13.70445833",40.17320930059,38.663357348074,40.9809583882947,48.8405321325101,28.3253924357406,16.1987191910442,11.8531605454766,13.0651535326661,14.8933096509748,18.4732881845758,27.9718673771343,35.8972795043789,27.9446856326217,39.9391750123195,31.121547919765,13.2705412430392,27.447478355363
"13.74369444",65.394614091818,96.1769351954316,120.567256829707,68.8152160292371,25.9543003599474,20.3919192338357,12.1309351922781,11.4505024350922,16.6979349067382,25.2480589697996,29.6185315904693,46.0748998406866,44.8767587229201,94.0462687056523,38.3871452076734,13.4264575113695,33.6471634669852
"13.78293056",47.4954039286465,63.2266440289339,78.2668954347558,49.4225666948525,25.4637046440516,16.2448052329259,11.6789047329802,12.6832795976766,15.7955637351702,20.0505908445195,28.7167693763433,37.0431800027113,33.840692354464,62.9963144641121,30.3770255239433,13.3859160219423,28.603513407858
"13.82216667",58.0896246351199,62.5041909114104,69.6128340298499,62.9407279450616,32.2696520287369,22.8118430842416,12.1779428500915,12.5881451421342,14.2862136709406,21.2998806251508,28.643468337675,48.9657732056372,37.1825247055041,63.4022165254601,39.3407410193467,13.0174338877221,32.9697073894877
"13.86140278",60.0880684171151,77.9617660591155,77.7769433456458,62.6169421702203,31.1394028054092,24.3952355658547,13.2524639729858,13.5901230339799,14.2242090711786,24.0174986492139,28.6807034536418,52.7145117565802,40.0381556917451,71.9422592739588,39.3838601804947,13.6889320260481,35.1375712864786
"13.90063889",62.7116783179342,95.6316433876282,102.535753390553,60.1075033731494,26.9640810215563,21.2187929950972,13.1021153192547,12.9738425569297,15.8752055276888,24.4939977966446,29.9587333711982,48.5356412497716,42.8424156922838,86.9596916987052,36.0967924632676,13.9837211346244,34.3294574725381
"13.939875",71.6634711556294,97.6874442708382,123.88426666065,74.6434277347182,27.5179710195419,18.8514093413021,12.0479525034689,11.5487865692707,16.7437931983833,24.4833057357126,32.0917451781703,46.8986193236326,46.5051827242765,97.7450606957059,40.3376026985208,13.4468440903743,34.4912234125052
"13.97911111",30.1005847788605,25.3900740148894,31.3353286344168,47.9274146516608,28.089333197112,12.9510683495893,11.2712953706716,12.9530037574963,13.4412249728666,14.4766151354722,22.4594243421878,27.1696904043173,23.1304214674617,28.9419958093889,29.6559387327874,12.5551747003448,21.3685766273257
"14.01834722",60.0880684171151,77.9617660591155,77.7769433456458,62.6169421702203,31.1394028054092,24.3952355658547,13.2524639729858,13.5901230339799,14.2242090711786,24.0174986492139,28.6807034536418,52.7145117565802,40.0381556917451,71.9422592739588,39.3838601804947,13.6889320260481,35.1375712864786
"14.05758333",52.8920954163699,68.8007601777679,77.639800872959,68.5627429008874,33.1902454141281,21.2317472212807,13.0573077889801,13.7334708524689,14.2712941303827,22.3799558566266,27.4504508179149,47.8857762985937,38.4246373123633,66.4442188223656,40.9949118454321,13.6873575906106,32.5720609910451
"14.09681944",65.545821602728,89.2308127917146,104.328250533854,63.353889331239,26.3079940674898,22.698786108931,12.4512303265364,11.6361516092484,16.1023753436736,24.8672388032499,28.9582436234741,49.5206799544409,42.9167895080484,86.368294976099,37.4535565025533,13.3965857598195,34.4487207937216
"14.13605556",52.8920954163699,68.8007601777679,77.639800872959,68.5627429008874,33.1902454141281,21.2317472212807,13.0573077889801,13.7334708524689,14.2712941303827,22.3799558566266,27.4504508179149,47.8857762985937,38.4246373123633,66.4442188223656,40.9949118454321,13.6873575906106,32.5720609910451
"14.17529167",60.0880684171151,77.9617660591155,77.7769433456458,62.6169421702203,31.1394028054092,24.3952355658547,13.2524639729858,13.5901230339799,14.2242090711786,24.0174986492139,28.6807034536418,52.7145117565802,40.0381556917451,71.9422592739588,39.3838601804947,13.6889320260481,35.1375712864786
"14.21452778",51.587363540255,77.1016521296261,101.546888173656,58.6737864223545,23.7592889590602,13.7559307164682,11.4357985513779,12.0552542653442,16.47727152901,21.7143239531003,30.5470345180076,33.9813898786918,37.719665219746,76.7453012811789,32.0630020326276,13.3227747819107,28.7475827832666
"14.25376389",62.7116783179342,95.6316433876282,102.535753390553,60.1075033731494,26.9640810215563,21.2187929950972,13.1021153192547,12.9738425569297,15.8752055276888,24.4939977966446,29.9587333711982,48.5356412497716,42.8424156922838,86.9596916987052,36.0967924632676,13.9837211346244,34.3294574725381
"14.293",74.2646155750365,92.9104770784079,113.768264179278,69.9902413918822,29.2681844230437,24.7801106605485,12.7745759947456,11.5524670411688,15.8156937275706,24.8654565446136,30.469530728943,56.0364068184686,46.3746686803089,93.6477856109074,41.3461788251581,13.380912254495,37.1237980306751
"14.34694",54.4901025630897,72.4882764573083,88.073429423439,54.1086220346239,24.7688075409589,19.0528013124259,12.3060377687119,12.1373540251065,16.2770654767579,22.5851447175365,28.0836593826676,42.1256949017674,37.2080829670328,71.6839361479457,32.6434102960029,13.5734857568588,30.9314996673238
"14.40088",65.545821602728,89.2308127917146,104.328250533854,63.353889331239,26.3079940674898,22.698786108931,12.4512303265364,11.6361516092484,16.1023753436736,24.8672388032499,28.9582436234741,49.5206799544409,42.9167895080484,86.368294976099,37.4535565025533,13.3965857598195,34.4487207937216
"14.45482",61.600885320629,80.1121545951101,91.6350623987223,53.264695785659,26.5534532451035,19.7326552928695,11.9224776087247,11.6305837584618,17.2067218982142,27.188651916302,29.8446784631787,45.8739509547489,39.713830936477,77.7827007714872,33.1836014412107,13.5865944218003,34.3024271114099
"14.50876",52.7670492539735,56.9148049177341,62.9504889890731,62.529401352135,29.375779962343,23.7672044620042,12.5761259533827,12.1162591557478,14.6656008660112,23.4343636772701,27.6467195261677,46.9649868360954,35.4757320793282,57.5441143869269,38.5574619254941,13.1193286583806,32.682023346511
"14.5627",55.6047065090489,55.321078021792,51.7962468927512,46.1104395246805,28.1809990442765,19.8438402739054,12.0786690844443,11.8298656069645,17.4751309507682,29.410458651271,29.1561419339493,46.3205643044744,33.5940117331939,54.2406771411974,31.3784262809541,13.794555214059,34.9623882965649
"14.61664",61.6197161502227,62.3135967759183,64.0975147081447,48.3522622485947,29.8173094346754,22.9814641246958,12.205750715336,11.681047166012,16.9613547289672,30.1369337701964,28.780990701884,51.8565882690149,36.7337107328052,62.6769425447619,33.7170119359886,13.6160508701051,36.9248375803651
"14.67058",39.5379392774293,36.1921633730805,24.9875881229198,20.9096631499008,18.6033241193371,15.1515145026051,11.5205989782919,11.099832669453,14.9905222527618,20.7708055499949,22.9965635827303,33.2091395861436,22.4974712637207,33.5725635911432,18.2215005906143,12.5369846335022,25.6588362396229
"14.738005",56.9882547275869,54.9488866359617,54.0581056732235,48.8799676229922,29.8670605389223,23.5162104218546,12.6273846422839,11.6805595740706,17.6751172178323,30.32188353383,27.5253036799729,51.280490571078,34.9474354033007,55.3317490122574,34.0877461945897,13.9943538113956,36.3758925949603
"14.77846",61.600885320629,80.1121545951101,91.6350623987223,53.264695785659,26.5534532451035,19.7326552928695,11.9224776087247,11.6305837584618,17.2067218982142,27.188651916302,29.8446784631787,45.8739509547489,39.713830936477,77.7827007714872,33.1836014412107,13.5865944218003,34.3024271114099
"14.8324",60.7393839654712,73.2506768605913,82.3405076056456,44.3179356707557,27.0744268816023,19.7003357717541,11.9864542126681,11.6439573840992,18.7006808140545,29.2221437290054,28.9141210634327,47.5594852578559,37.954175768078,72.110189477236,30.364232774704,14.1103641369406,35.2319166834314
"14.88634",59.0106752943976,57.5828407781047,56.3878128220628,50.0263859951931,29.8322555457888,23.5917778232104,12.3085710600346,11.6352244573829,17.5313875310409,30.464369902718,27.8040065357661,51.4811468185384,35.6380378803532,57.6604429648551,34.4834731213974,13.8250610161528,36.5831744190075
"14.94028",61.6197161502227,62.3135967759183,64.0975147081447,48.3522622485947,29.8173094346754,22.9814641246958,12.205750715336,11.681047166012,16.9613547289672,30.1369337701964,28.780990701884,51.8565882690149,36.7337107328052,62.6769425447619,33.7170119359886,13.6160508701051,36.9248375803651
"14.99422",65.1262874005353,71.5981312201679,76.6069996267519,57.8470841304792,29.2651152497972,25.8875786972251,12.6474511822887,11.5279261966632,15.9558568084407,29.4286834059522,27.7613706001471,54.9978516765693,39.8875280162515,71.1104727491517,37.6665926925005,13.3770780624642,37.3959685608895
"15.04816",65.545821602728,89.2308127917146,104.328250533854,63.353889331239,26.3079940674898,22.698786108931,12.4512303265364,11.6361516092484,16.1023753436736,24.8672388032499,28.9582436234741,49.5206799544409,42.9167895080484,86.368294976099,37.4535565025533,13.3965857598195,34.4487207937216
"15.1021",37.4268322375402,38.7821739054195,50.1326246540105,49.2960099337697,26.9005251168637,16.1242306960154,11.5386358244814,12.4329758091052,13.0761497560272,16.7014223028388,23.111754804393,33.1119556031286,27.3862742202994,42.1138769323234,30.7735885822163,12.349253796538,24.3083775701202
"15.15604",47.0338722961471,50.4484205849209,54.097026345448,55.6218796810331,28.3533950224105,20.1606332859691,11.9059544307076,12.6717434175004,14.4725738526731,21.3136263701532,27.960490272337,41.749343381097,32.1490799116998,50.526439742172,34.7119693298042,13.016757233627,30.3411533411957
"15.20998",64.8199800320962,81.4796894387468,97.8387263761143,64.4960456969488,28.566561830177,18.3502801368975,11.7411146019954,12.280361315997,15.666731893731,21.5679316961459,32.0645672048508,45.2618845383308,41.177822896836,81.3794652823191,37.1376292213411,13.2294026039078,32.9647944797758
"15.26392",50.1404738238013,65.6497007386647,81.4818255602862,49.9706284618337,25.4324840956722,19.1186002843399,12.1845818038763,12.5435322539652,16.284024730484,21.3758322929786,26.7665918748605,41.8699777133727,35.2348544695113,65.7573333742508,31.5072376139486,13.6707129294419,30.0041339604039
"15.31786",61.3246640442162,81.5382380960772,100.919516761007,60.3485362535843,25.7803362873129,22.6344023882805,12.8277459785147,11.65778584665,16.0838176045381,24.5608849192572,28.4921163368136,48.1456767963636,41.1928101093846,81.2608063004333,36.2544249763926,13.5231164765676,33.7328926841448
"15.3718",67.9561375107555,110.250752987623,138.722257239374,52.9361823405523,20.2124161581502,15.1270691314086,11.835672576303,11.2490532365698,16.2410391663073,21.9215299252232,26.9697191540906,45.5909667249809,44.9177330126115,105.643049245917,29.4252225433704,13.1085883263934,31.4940719347649
"15.42574",74.5427859570983,86.2573004265873,85.8530395772413,65.0016095035451,25.8324396282028,18.3365845118047,11.9112091855704,11.4430232961044,14.0591051160963,22.085874963359,29.5065063197151,54.9522748267791,41.6484794426753,82.2177086536423,36.3902112145175,12.4711125325904,35.5148853699511
"15.47968",47.2980582056793,63.286196414756,78.5217771004654,47.863270162838,24.5590818644865,16.1394683186977,11.6633458062453,12.5658223699055,15.8031882498273,20.2057634379133,28.6678003270622,37.1073933272887,33.6400971320971,63.0353439069669,29.5206067820074,13.3441188086593,28.6603190307547
"15.53362",59.6627413822062,64.0553328555028,75.4590231801471,68.6781101590795,32.0595386339163,26.7599091623141,12.749639588122,12.2490319337343,14.3794463083156,23.9823188338437,27.4970521744729,52.7107528098,39.1869080851212,66.3923658059521,42.4991859851033,13.126039276724,34.7300412727055
"15.58756",69.2509322755384,79.9543974931085,75.2674297613155,57.8823085417806,24.8673892761299,21.9774313990378,12.4305518270786,11.1607953079607,13.3543457424408,22.1666224621164,27.1814658211136,59.3085712346392,39.5668534285217,74.8242531766541,34.9090430723161,12.3152309591601,36.2188865059564
"15.6415",50.4398410814959,52.7101833412336,58.6885922747596,59.5378261515457,30.0046515239228,23.9085708352741,12.1358564062979,12.4771022679188,14.5288304329459,22.3675376216001,26.6083548741538,46.9099258951611,34.1931060588591,53.9462055658297,37.8170161702475,13.0472630357209,31.9619394636383
"15.72617308",87.3110597304704,120.637678536678,111.329910349265,61.0548661676819,23.897424234011,16.9289285794886,11.6897354869194,11.3086336450695,17.2679227791771,25.9224822073628,34.866980232493,49.241307118554,47.6214107555976,106.426216205471,33.9604063270605,13.422097303722,36.6769231861366
"15.83201442",61.6197161502227,62.3135967759183,64.0975147081447,48.3522622485947,29.8173094346754,22.9814641246958,12.205750715336,11.681047166012,16.9613547289672,30.1369337701964,28.780990701884,51.8565882690149,36.7337107328052,62.6769425447619,33.7170119359886,13.6160508701051,36.9248375803651
"15.89551923",61.6197161502227,62.3135967759183,64.0975147081447,48.3522622485947,29.8173094346754,22.9814641246958,12.205750715336,11.681047166012,16.9613547289672,30.1369337701964,28.780990701884,51.8565882690149,36.7337107328052,62.6769425447619,33.7170119359886,13.6160508701051,36.9248375803651
"15.98019231",62.4812175053805,69.1750745104371,73.3920695012214,57.299022363498,29.2963357981766,23.0137836458111,12.1417741113926,11.6676735403746,15.4673958131269,28.103441957493,29.71154810163,50.1710539659079,38.4933659012041,68.349453839013,36.5363806024952,13.0922811549647,35.9953480083436
"16.06486538",61.6197161502227,62.3135967759183,64.0975147081447,48.3522622485947,29.8173094346754,22.9814641246958,12.205750715336,11.681047166012,16.9613547289672,30.1369337701964,28.780990701884,51.8565882690149,36.7337107328052,62.6769425447619,33.7170119359886,13.6160508701051,36.9248375803651
"16.14953846",61.6197161502227,62.3135967759183,64.0975147081447,48.3522622485947,29.8173094346754,22.9814641246958,12.205750715336,11.681047166012,16.9613547289672,30.1369337701964,28.780990701884,51.8565882690149,36.7337107328052,62.6769425447619,33.7170119359886,13.6160508701051,36.9248375803651
"16.23421154",61.6197161502227,62.3135967759183,64.0975147081447,48.3522622485947,29.8173094346754,22.9814641246958,12.205750715336,11.681047166012,16.9613547289672,30.1369337701964,28.780990701884,51.8565882690149,36.7337107328052,62.6769425447619,33.7170119359886,13.6160508701051,36.9248375803651
"16.40355769",61.6197161502227,62.3135967759183,64.0975147081447,48.3522622485947,29.8173094346754,22.9814641246958,12.205750715336,11.681047166012,16.9613547289672,30.1369337701964,28.780990701884,51.8565882690149,36.7337107328052,62.6769425447619,33.7170119359886,13.6160508701051,36.9248375803651
"16.48823077",61.6197161502227,62.3135967759183,64.0975147081447,48.3522622485947,29.8173094346754,22.9814641246958,12.205750715336,11.681047166012,16.9613547289672,30.1369337701964,28.780990701884,51.8565882690149,36.7337107328052,62.6769425447619,33.7170119359886,13.6160508701051,36.9248375803651
"16.57290385",61.6197161502227,62.3135967759183,64.0975147081447,48.3522622485947,29.8173094346754,22.9814641246958,12.205750715336,11.681047166012,16.9613547289672,30.1369337701964,28.780990701884,51.8565882690149,36.7337107328052,62.6769425447619,33.7170119359886,13.6160508701051,36.9248375803651
"16.65757692",61.6197161502227,62.3135967759183,64.0975147081447,48.3522622485947,29.8173094346754,22.9814641246958,12.205750715336,11.681047166012,16.9613547289672,30.1369337701964,28.780990701884,51.8565882690149,36.7337107328052,62.6769425447619,33.7170119359886,13.6160508701051,36.9248375803651
"16.74225",61.6197161502227,62.3135967759183,64.0975147081447,48.3522622485947,29.8173094346754,22.9814641246958,12.205750715336,11.681047166012,16.9613547289672,30.1369337701964,28.780990701884,51.8565882690149,36.7337107328052,62.6769425447619,33.7170119359886,13.6160508701051,36.9248375803651
"16.82692308",61.1699796878746,62.7754933740332,66.8960412970211,58.1722498053033,32.1214542688239,22.9782451501754,12.0015152884744,12.0388830478132,15.3186948081654,26.6051099090518,28.6840664073595,49.7648127316372,37.3772121479777,63.613838119643,37.7573164081009,13.1196977148176,35.0179963493495
"16.99626923",58.2497764042037,57.7441347315229,55.0111770182817,46.6585012916617,28.1497784958971,22.7176353253194,12.5843461553405,11.6901182632531,17.9635919460819,30.7357000997301,27.2059644324665,51.1473620151357,34.9881738482412,57.0016960513361,32.5086383709594,14.0793521215585,36.3630088491108
"17.08094231",61.6197161502227,62.3135967759183,64.0975147081447,48.3522622485947,29.8173094346754,22.9814641246958,12.205750715336,11.681047166012,16.9613547289672,30.1369337701964,28.780990701884,51.8565882690149,36.7337107328052,62.6769425447619,33.7170119359886,13.6160508701051,36.9248375803651
"17.16561538",61.6197161502227,62.3135967759183,64.0975147081447,48.3522622485947,29.8173094346754,22.9814641246958,12.205750715336,11.681047166012,16.9613547289672,30.1369337701964,28.780990701884,51.8565882690149,36.7337107328052,62.6769425447619,33.7170119359886,13.6160508701051,36.9248375803651
"17.25028846",61.6197161502227,62.3135967759183,64.0975147081447,48.3522622485947,29.8173094346754,22.9814641246958,12.205750715336,11.681047166012,16.9613547289672,30.1369337701964,28.780990701884,51.8565882690149,36.7337107328052,62.6769425447619,33.7170119359886,13.6160508701051,36.9248375803651
"17.33496154",61.6197161502227,62.3135967759183,64.0975147081447,48.3522622485947,29.8173094346754,22.9814641246958,12.205750715336,11.681047166012,16.9613547289672,30.1369337701964,28.780990701884,51.8565882690149,36.7337107328052,62.6769425447619,33.7170119359886,13.6160508701051,36.9248375803651
"17.41963462",37.0059057915492,29.5315673338257,20.8254200855961,19.5671035689196,20.3484834015062,15.1440784823248,11.6267185340684,11.4951450520341,16.4930231312768,24.1584565649257,22.8671321791827,34.0279500341501,21.9242486799466,29.120964403657,18.3532218175835,13.2049622391264,27.0178462594195
"17.50430769",61.6197161502227,62.3135967759183,64.0975147081447,48.3522622485947,29.8173094346754,22.9814641246958,12.205750715336,11.681047166012,16.9613547289672,30.1369337701964,28.780990701884,51.8565882690149,36.7337107328052,62.6769425447619,33.7170119359886,13.6160508701051,36.9248375803651
"17.58898077",61.6197161502227,62.3135967759183,64.0975147081447,48.3522622485947,29.8173094346754,22.9814641246958,12.205750715336,11.681047166012,16.9613547289672,30.1369337701964,28.780990701884,51.8565882690149,36.7337107328052,62.6769425447619,33.7170119359886,13.6160508701051,36.9248375803651
"17.75832692",61.6197161502227,62.3135967759183,64.0975147081447,48.3522622485947,29.8173094346754,22.9814641246958,12.205750715336,11.681047166012,16.9613547289672,30.1369337701964,28.780990701884,51.8565882690149,36.7337107328052,62.6769425447619,33.7170119359886,13.6160508701051,36.9248375803651
"17.843",54.9846507225436,50.1441675809114,50.0710053602649,46.7609543293576,27.8768575212731,22.7793547098229,12.7844354258907,11.6990800533312,18.3338306949674,30.7202864917336,26.3496282298549,49.2409339900408,33.4787654258327,51.7332745545733,32.4723888534845,14.2724487247297,35.4369495705431
"18.078",56.5041732182155,54.0624687788637,47.1569012670905,42.5659820505222,23.1156054890705,18.781850724214,12.0259441624916,11.2256027479477,15.0921494419394,23.4749661889636,23.9833140535191,44.5620020002331,31.0459133435892,52.5745144213899,28.1544794212689,12.7812321174596,30.6734274142386
"18.313",48.1266140997317,38.1808302241336,45.6807854302176,45.8414621084222,28.1943139667177,13.3891064282671,10.9212245978292,11.5873489557414,14.5389186964053,22.1818710870419,27.4148169584472,38.7705519881848,28.7356537117616,43.9960765846943,29.1416275011357,12.3491640833253,29.4557466778913
"18.548",45.6085455171603,39.9110835945528,34.7564205472614,31.4791123013882,23.2709098230614,18.5242848453972,12.3432168699634,11.6241913851755,17.629113936678,27.5732198416863,24.3053927379878,41.4563804506884,27.3734893209167,40.0920165529915,24.424768989949,13.8655073972723,31.1116643434542
"18.9005",54.9846507225436,50.1441675809114,50.0710053602649,46.7609543293576,27.8768575212731,22.7793547098229,12.7844354258907,11.6990800533312,18.3338306949674,30.7202864917336,26.3496282298549,49.2409339900408,33.4787654258327,51.7332745545733,32.4723888534845,14.2724487247297,35.4369495705431
"19.1355",61.6197161502227,62.3135967759183,64.0975147081447,48.3522622485947,29.8173094346754,22.9814641246958,12.205750715336,11.681047166012,16.9613547289672,30.1369337701964,28.780990701884,51.8565882690149,36.7337107328052,62.6769425447619,33.7170119359886,13.6160508701051,36.9248375803651
"19.6055",45.6085455171603,39.9110835945528,34.7564205472614,31.4791123013882,23.2709098230614,18.5242848453972,12.3432168699634,11.6241913851755,17.629113936678,27.5732198416863,24.3053927379878,41.4563804506884,27.3734893209167,40.0920165529915,24.424768989949,13.8655073972723,31.1116643434542
"19.8405",61.6197161502227,62.3135967759183,64.0975147081447,48.3522622485947,29.8173094346754,22.9814641246958,12.205750715336,11.681047166012,16.9613547289672,30.1369337701964,28.780990701884,51.8565882690149,36.7337107328052,62.6769425447619,33.7170119359886,13.6160508701051,36.9248375803651
"20.0755",61.6197161502227,62.3135967759183,64.0975147081447,48.3522622485947,29.8173094346754,22.9814641246958,12.205750715336,11.681047166012,16.9613547289672,30.1369337701964,28.780990701884,51.8565882690149,36.7337107328052,62.6769425447619,33.7170119359886,13.6160508701051,36.9248375803651
"20.3105",50.9384808003292,52.8622000466388,52.5615937482884,47.5408632232244,26.6013522757773,23.8588641921803,12.72660964648,11.7062263390547,16.187306305967,26.1289138782208,24.4158399290485,45.588575015937,32.5930687834289,52.1207581984188,32.6670265637273,13.5400474305006,32.0444429410688
"20.5455",61.6197161502227,62.3135967759183,64.0975147081447,48.3522622485947,29.8173094346754,22.9814641246958,12.205750715336,11.681047166012,16.9613547289672,30.1369337701964,28.780990701884,51.8565882690149,36.7337107328052,62.6769425447619,33.7170119359886,13.6160508701051,36.9248375803651
"20.7805",61.6197161502227,62.3135967759183,64.0975147081447,48.3522622485947,29.8173094346754,22.9814641246958,12.205750715336,11.681047166012,16.9613547289672,30.1369337701964,28.780990701884,51.8565882690149,36.7337107328052,62.6769425447619,33.7170119359886,13.6160508701051,36.9248375803651
"21.0155",61.6197161502227,62.3135967759183,64.0975147081447,48.3522622485947,29.8173094346754,22.9814641246958,12.205750715336,11.681047166012,16.9613547289672,30.1369337701964,28.780990701884,51.8565882690149,36.7337107328052,62.6769425447619,33.7170119359886,13.6160508701051,36.9248375803651
"21.2505",61.6197161502227,62.3135967759183,64.0975147081447,48.3522622485947,29.8173094346754,22.9814641246958,12.205750715336,11.681047166012,16.9613547289672,30.1369337701964,28.780990701884,51.8565882690149,36.7337107328052,62.6769425447619,33.7170119359886,13.6160508701051,36.9248375803651
"21.4855",61.6197161502227,62.3135967759183,64.0975147081447,48.3522622485947,29.8173094346754,22.9814641246958,12.205750715336,11.681047166012,16.9613547289672,30.1369337701964,28.780990701884,51.8565882690149,36.7337107328052,62.6769425447619,33.7170119359886,13.6160508701051,36.9248375803651
"21.7205",59.0106752943976,57.5828407781047,56.3878128220628,50.0263859951931,29.8322555457888,23.5917778232104,12.3085710600346,11.6352244573829,17.5313875310409,30.464369902718,27.8040065357661,51.4811468185384,35.6380378803532,57.6604429648551,34.4834731213974,13.8250610161528,36.5831744190075
"21.9555",45.6085455171603,39.9110835945528,34.7564205472614,31.4791123013882,23.2709098230614,18.5242848453972,12.3432168699634,11.6241913851755,17.629113936678,27.5732198416863,24.3053927379878,41.4563804506884,27.3734893209167,40.0920165529915,24.424768989949,13.8655073972723,31.1116643434542
"22.073",54.9846507225436,50.1441675809114,50.0710053602649,46.7609543293576,27.8768575212731,22.7793547098229,12.7844354258907,11.6990800533312,18.3338306949674,30.7202864917336,26.3496282298549,49.2409339900408,33.4787654258327,51.7332745545733,32.4723888534845,14.2724487247297,35.4369495705431
"22.308",61.6197161502227,62.3135967759183,64.0975147081447,48.3522622485947,29.8173094346754,22.9814641246958,12.205750715336,11.681047166012,16.9613547289672,30.1369337701964,28.780990701884,51.8565882690149,36.7337107328052,62.6769425447619,33.7170119359886,13.6160508701051,36.9248375803651
"22.543",54.9846507225436,50.1441675809114,50.0710053602649,46.7609543293576,27.8768575212731,22.7793547098229,12.7844354258907,11.6990800533312,18.3338306949674,30.7202864917336,26.3496282298549,49.2409339900408,33.4787654258327,51.7332745545733,32.4723888534845,14.2724487247297,35.4369495705431
"23.013",61.6197161502227,62.3135967759183,64.0975147081447,48.3522622485947,29.8173094346754,22.9814641246958,12.205750715336,11.681047166012,16.9613547289672,30.1369337701964,28.780990701884,51.8565882690149,36.7337107328052,62.6769425447619,33.7170119359886,13.6160508701051,36.9248375803651
"23.248",59.0106752943976,57.5828407781047,56.3878128220628,50.0263859951931,29.8322555457888,23.5917778232104,12.3085710600346,11.6352244573829,17.5313875310409,30.464369902718,27.8040065357661,51.4811468185384,35.6380378803532,57.6604429648551,34.4834731213974,13.8250610161528,36.5831744190075
"23.483",51.1661418057259,39.3545544348944,29.4503633782042,29.1544072604169,26.8030846621542,20.8293945632376,12.7590523918319,11.9430582804118,17.81043951754,26.6211484687729,29.4236267887705,44.4683792088718,28.3153042300693,39.9903532062748,25.5956288286029,14.1708500632612,33.5043848221384
"23.718",61.6197161502227,62.3135967759183,64.0975147081447,48.3522622485947,29.8173094346754,22.9814641246958,12.205750715336,11.681047166012,16.9613547289672,30.1369337701964,28.780990701884,51.8565882690149,36.7337107328052,62.6769425447619,33.7170119359886,13.6160508701051,36.9248375803651
"23.953",57.4928286964559,65.3130459637009,83.4244732614853,74.3434374269352,33.1962881314546,23.6560079511561,11.7097949283829,11.9221001369629,12.9746357856147,22.9628441933632,26.9927222391079,49.4540690321759,39.4535206455663,68.743449307214,43.7319111698486,12.2021769503202,33.1365451548823
"24.188",52.4301878768499,40.8910123007794,29.9863459265888,26.0372411369278,22.8841082835659,20.5378459738644,11.9457400788783,11.8219914909986,17.5568068317512,26.8515586192035,28.0293855969198,42.7059929977376,27.6398514261721,41.1025153680727,23.1530651314527,13.774846133876,32.528979071287
"24.423",65.9146900711964,69.4714048273986,68.1383463493055,50.0446205337276,28.2094374169865,27.8079165070625,12.2483026146039,11.6806896802349,15.7463234575027,28.4422014294494,30.441880492472,55.2085538395793,38.6128639349599,67.8414804159668,35.3539914859255,13.2251052507805,38.0308785871669
"24.61571429",65.9146900711964,69.4714048273986,68.1383463493055,50.0446205337276,28.2094374169865,27.8079165070625,12.2483026146039,11.6806896802349,15.7463234575027,28.4422014294494,30.441880492472,55.2085538395793,38.6128639349599,67.8414804159668,35.3539914859255,13.2251052507805,38.0308785871669
"24.80842857",61.6197161502227,62.3135967759183,64.0975147081447,48.3522622485947,29.8173094346754,22.9814641246958,12.205750715336,11.681047166012,16.9613547289672,30.1369337701964,28.780990701884,51.8565882690149,36.7337107328052,62.6769425447619,33.7170119359886,13.6160508701051,36.9248375803651
"25.19385714",46.8590249709189,50.8214480761488,58.0126919467232,56.4200300900289,28.9915727295229,16.3815334689117,12.0328058527147,12.6474391461567,15.3800616989381,23.155040769734,35.2391121997897,45.6496441258328,33.4658670896184,51.897721664597,33.9310454294878,13.3534355659365,34.6812656984522
"25.38657143",61.6197161502227,62.3135967759183,64.0975147081447,48.3522622485947,29.8173094346754,22.9814641246958,12.205750715336,11.681047166012,16.9613547289672,30.1369337701964,28.780990701884,51.8565882690149,36.7337107328052,62.6769425447619,33.7170119359886,13.6160508701051,36.9248375803651
"25.57928571",65.9146900711964,69.4714048273986,68.1383463493055,50.0446205337276,28.2094374169865,27.8079165070625,12.2483026146039,11.6806896802349,15.7463234575027,28.4422014294494,30.441880492472,55.2085538395793,38.6128639349599,67.8414804159668,35.3539914859255,13.2251052507805,38.0308785871669
"25.772",65.9146900711964,69.4714048273986,68.1383463493055,50.0446205337276,28.2094374169865,27.8079165070625,12.2483026146039,11.6806896802349,15.7463234575027,28.4422014294494,30.441880492472,55.2085538395793,38.6128639349599,67.8414804159668,35.3539914859255,13.2251052507805,38.0308785871669
"26.15742857",65.9146900711964,69.4714048273986,68.1383463493055,50.0446205337276,28.2094374169865,27.8079165070625,12.2483026146039,11.6806896802349,15.7463234575027,28.4422014294494,30.441880492472,55.2085538395793,38.6128639349599,67.8414804159668,35.3539914859255,13.2251052507805,38.0308785871669
"26.35014286",43.4204838670247,30.059542590207,26.6429466877373,28.7499078496704,24.257028263404,17.1471552817508,12.6759425018813,11.3542665654956,15.0785314359759,22.8978080371746,27.5399684485696,39.4432338720755,24.9389012834139,33.3743243816563,23.3846971316084,13.0362468344509,29.9603367859399
"26.54285714",65.9146900711964,69.4714048273986,68.1383463493055,50.0446205337276,28.2094374169865,27.8079165070625,12.2483026146039,11.6806896802349,15.7463234575027,28.4422014294494,30.441880492472,55.2085538395793,38.6128639349599,67.8414804159668,35.3539914859255,13.2251052507805,38.0308785871669
"26.73557143",65.9146900711964,69.4714048273986,68.1383463493055,50.0446205337276,28.2094374169865,27.8079165070625,12.2483026146039,11.6806896802349,15.7463234575027,28.4422014294494,30.441880492472,55.2085538395793,38.6128639349599,67.8414804159668,35.3539914859255,13.2251052507805,38.0308785871669
"27.121",61.6197161502227,62.3135967759183,64.0975147081447,48.3522622485947,29.8173094346754,22.9814641246958,12.205750715336,11.681047166012,16.9613547289672,30.1369337701964,28.780990701884,51.8565882690149,36.7337107328052,62.6769425447619,33.7170119359886,13.6160508701051,36.9248375803651
"27.31371429",58.0896246351199,62.5041909114104,69.6128340298499,62.9407279450616,32.2696520287369,22.8118430842416,12.1779428500915,12.5881451421342,14.2862136709406,21.2998806251508,28.643468337675,48.9657732056372,37.1825247055041,63.4022165254601,39.3407410193467,13.0174338877221,32.9697073894877
"27.50642857",61.6197161502227,62.3135967759183,64.0975147081447,48.3522622485947,29.8173094346754,22.9814641246958,12.205750715336,11.681047166012,16.9613547289672,30.1369337701964,28.780990701884,51.8565882690149,36.7337107328052,62.6769425447619,33.7170119359886,13.6160508701051,36.9248375803651
"27.69914286",61.6197161502227,62.3135967759183,64.0975147081447,48.3522622485947,29.8173094346754,22.9814641246958,12.205750715336,11.681047166012,16.9613547289672,30.1369337701964,28.780990701884,51.8565882690149,36.7337107328052,62.6769425447619,33.7170119359886,13.6160508701051,36.9248375803651
"27.89185714",61.6197161502227,62.3135967759183,64.0975147081447,48.3522622485947,29.8173094346754,22.9814641246958,12.205750715336,11.681047166012,16.9613547289672,30.1369337701964,28.780990701884,51.8565882690149,36.7337107328052,62.6769425447619,33.7170119359886,13.6160508701051,36.9248375803651
"28.27728571",45.6085455171603,39.9110835945528,34.7564205472614,31.4791123013882,23.2709098230614,18.5242848453972,12.3432168699634,11.6241913851755,17.629113936678,27.5732198416863,24.3053927379878,41.4563804506884,27.3734893209167,40.0920165529915,24.424768989949,13.8655073972723,31.1116643434542
"28.47",102.116600037132,140.105891047083,156.586395023707,51.034724172058,27.4110988056869,16.4792447611634,13.2201645312344,13.3795582241704,20.4291125948932,30.4242931462361,40.4527724693582,67.869523587617,56.6257815333616,132.936295369307,31.6416892463027,15.6762784500993,46.2488630677371
"28.66271429",174.008927380621,404.616742399265,376.223777801437,217.066493176791,40.5309638022044,21.9912032512105,15.4411209398394,16.7506282470445,25.5722480113654,43.3194674847069,65.7990382856394,117.829670825974,126.595856800508,318.283149193774,93.1962200767353,19.2546657327498,75.6493921987736
"28.85542857",35.6264297977159,30.0903887876336,36.046419167309,42.6433679791235,26.7653196785294,17.6229296099435,12.0625578613386,12.8782578431905,14.1727749953201,17.4252413172271,27.1502038816919,36.2172805063685,25.7250976187826,33.9210792508862,29.0105390891988,13.0378635666164,26.9309085684292
"29.04814286",71.2620239773918,78.6484345658525,88.2896321800042,70.6698581498783,30.4462610675937,25.5083182285083,12.1955503475926,11.7138894848952,13.2382720866229,23.7902241594172,30.0972597070038,54.1912628621053,42.5042489014055,79.4000302410828,42.2081458153268,12.3825706397036,36.0262489095088
"29.24085714",37.4268322375402,38.7821739054195,50.1326246540105,49.2960099337697,26.9005251168637,16.1242306960154,11.5386358244814,12.4329758091052,13.0761497560272,16.7014223028388,23.111754804393,33.1119556031286,27.3862742202994,42.1138769323234,30.7735885822163,12.349253796538,24.3083775701202
"29.43357143",51.9055478988157,50.0533271832153,53.6559341959963,53.5826412372317,29.8967535988418,23.7348849408889,12.6401025573261,12.1296327813852,16.1595597818514,25.4678554899735,26.7161621264217,48.6505211392024,33.7160769109292,51.8716030926758,35.7380932589875,13.6430983735209,33.6115129185325
"29.62628571",54.990306084501,50.2385321238238,50.9007597094817,49.4732833224313,29.7260012784707,23.602315807945,12.7324067631949,11.6867181106888,17.8916593672342,30.3272792777546,27.0228029010216,50.1585643636864,34.0625524258528,52.0431993059355,34.2672001362823,14.1035947470393,35.8362155141542
"29.819",57.3529414631437,59.8706426060091,69.7689903595473,52.4582087603994,28.1020833434423,16.6028748130611,11.32850176865,11.4859479290213,15.7790708231137,23.7556923599624,27.5979365016165,40.1730139414284,34.5229920557829,62.3308581429,32.3877223056343,12.8645068402617,30.5088809343358
"30.01171429",37.0059057915492,29.5315673338257,20.8254200855961,19.5671035689196,20.3484834015062,15.1440784823248,11.6267185340684,11.4951450520341,16.4930231312768,24.1584565649257,22.8671321791827,34.0279500341501,21.9242486799466,29.120964403657,18.3532218175835,13.2049622391264,27.0178462594195
"30.39714286",71.5911212846956,77.1722521132192,46.4046761249862,50.1890770892239,27.2848019371154,13.6216831700572,13.3055832545565,12.9865706868412,15.7767051746805,22.6759777545369,36.0111963126894,41.7556709982534,35.7312763250713,65.0560165076336,30.3651873987988,14.0229530386927,33.4809483551599
"30.58985714",27.1309870149238,24.5098161095088,22.9759865527325,25.0212752699364,18.1610585153085,12.8226696687623,11.1477897470343,11.3964391233685,11.9666482054561,13.3216573395739,16.603116077067,20.4636357467545,17.9600899475356,24.8722632257217,18.6683344846691,11.503625691953,16.7961363877985
"30.78257143",28.2194770805391,29.1971244489919,42.1247161099446,47.6584428524699,25.7741766097758,13.1254379193664,11.1618419068342,13.065935665116,13.8700178673714,18.0294053004429,25.6845296218368,30.5287980168962,24.8699919499654,33.1804392131585,28.8526857938707,12.6992651464405,24.747577646392
"30.97528571",27.3880212170769,24.9307830940518,27.5361961144126,35.2726487934274,22.4736694546567,12.866960896514,11.2801908729769,12.3147268662771,12.8156925253113,14.0393825554891,19.3723847520639,24.0020619558242,20.3577265915068,26.6183334751804,23.537759714866,12.1368700881884,19.1379430877924
"31.168",42.7324020840722,43.6687367092984,47.643778015195,51.4490371688823,28.7521439365981,20.2378690407166,11.7819785426636,13.0938042333613,14.5936596720742,20.1864491715232,26.6691250418478,41.5284270448552,30.1947842217573,44.6816389361885,33.4796833820657,13.156480816033,29.461333752742
"31.36071429",38.0829170633753,41.6513850582174,47.3630944259455,50.8676806426723,27.188392202601,16.6728250100266,11.4413668986299,12.378191310398,13.2759438092156,17.0442720433568,22.9911068408867,34.642942177747,27.800009790256,42.3657988491794,31.5762992851,12.3651673394145,24.8927736873302
"31.55342857",37.4268322375402,38.7821739054195,50.1326246540105,49.2960099337697,26.9005251168637,16.1242306960154,11.5386358244814,12.4329758091052,13.0761497560272,16.7014223028388,23.111754804393,33.1119556031286,27.3862742202994,42.1138769323234,30.7735885822163,12.349253796538,24.3083775701202
"31.74614286",58.2497764042037,57.7441347315229,55.0111770182817,46.6585012916617,28.1497784958971,22.7176353253194,12.5843461553405,11.6901182632531,17.9635919460819,30.7357000997301,27.2059644324665,51.1473620151357,34.9881738482412,57.0016960513361,32.5086383709594,14.0793521215585,36.3630088491108
"31.93885714",62.4812175053805,69.1750745104371,73.3920695012214,57.299022363498,29.2963357981766,23.0137836458111,12.1417741113926,11.6676735403746,15.4673958131269,28.103441957493,29.71154810163,50.1710539659079,38.4933659012041,68.349453839013,36.5363806024952,13.0922811549647,35.9953480083436
"32.13157143",27.3880212170769,24.9307830940518,27.5361961144126,35.2726487934274,22.4736694546567,12.866960896514,11.2801908729769,12.3147268662771,12.8156925253113,14.0393825554891,19.3723847520639,24.0020619558242,20.3577265915068,26.6183334751804,23.537759714866,12.1368700881884,19.1379430877924
"32.99878571",43.4204838670247,30.059542590207,26.6429466877373,28.7499078496704,24.257028263404,17.1471552817508,12.6759425018813,11.3542665654956,15.0785314359759,22.8978080371746,27.5399684485696,39.4432338720755,24.9389012834139,33.3743243816563,23.3846971316084,13.0362468344509,29.9603367859399
"33.1915",35.3693955955628,29.6694218030907,31.4862096056289,32.3919944556325,22.4527087391812,17.5786383821918,11.930156735396,11.9599701002819,13.3237306754649,16.7075161013119,24.3809352066951,32.6788542972987,23.3274609748114,32.1750090014275,24.1411138590018,12.404619170381,24.5891018684352
"33.57692857",72.1432008850429,74.4150661100395,80.8567605869103,58.1393344508175,25.3698746246501,14.7022481482156,12.3094379035813,12.7506447920875,16.9471164325827,23.7400918710245,34.7219060365898,48.0372353567882,39.5110764331942,75.8050091939976,32.7371524078944,14.0023997094172,35.4997444214675
