"","MLD1","MLD2","MLD3","MLD4","MLD5","MLD6","MLD7","MLD8","MLD9","MLD10","MLD11","MLD12","MLDann","MLDwin","MLDspr","MLDsum","MLDaut"
"0",141.365376290171,200.172876002164,256.343185356382,213.192042767142,49.4976747506159,21.32313350811,16.4259862583641,17.8613866473783,28.774484056452,44.344092250044,67.0060802779483,101.329109434481,96.4696189666044,199.293812549572,94.6709503419561,21.0206189873981,70.8930939874911
"3",121.814544745276,135.499698234836,149.576546829928,136.418436860235,43.2702167855029,19.8186948632887,14.0711462012455,14.8170245234478,22.4039672862375,37.6973598192672,61.4526012656288,96.536035215133,71.1146893858355,135.630263270013,66.5024495030089,17.0973793369769,65.228665433343
"5",198.070713998255,237.96663616823,313.408610534673,157.354860346061,53.9331751198124,23.9469527809942,18.6126097460194,20.3872782248434,35.0040686389289,54.5536653683885,96.6505785386462,137.026625932768,112.242981283135,249.81532023372,78.4116627489557,24.6679855365973,96.0769566132676
"7",168.802385520261,173.388415588442,176.283417151039,138.329082156335,40.4622264569727,20.2008544752342,18.8071542450947,19.0065762882781,31.6138229683361,50.2537784157826,78.6346210902852,123.778658221422,86.6300827147902,172.824739419914,66.3307210295141,23.142517833903,84.2223525758299
"10",159.312162501609,278.171809344007,336.142707860833,204.418289641841,37.8547130038821,18.9930020859604,14.0196687869386,15.3199946291068,23.0817431835822,44.4605978590641,64.9054822836705,108.652492656808,108.777721986442,257.87555990215,87.0886682438946,17.4738021998759,72.6728575998475
"15",139.768972430659,256.548944219528,249.385145404642,201.557373368343,52.2799085569911,19.7712983487085,13.6707316068302,14.3393240460931,21.8588083044025,35.9181430791327,58.9586620994177,92.5732862368056,96.3858831417962,215.234354018277,91.2028600913476,16.6229546524419,62.4833638051187
"17",183.864320774085,296.542201949576,373.098651090708,204.033891927674,41.9572823662376,20.2283835441755,17.374541764276,17.6820701566605,30.5123743780109,52.581022103799,78.9072824897971,132.272970291464,120.754582736372,284.501724604789,88.7398526126955,21.8563287663158,87.9204249616867
"20",124.934145802724,151.94242838007,160.947555323839,151.362931742249,40.3999309070473,20.6935537310731,15.3992690959739,14.7581037049675,24.6640397054676,40.8547493799389,64.3020874519046,97.9139098543879,75.6810587566368,145.941376502211,70.818805460123,18.273804168803,67.6902488954104
"22",159.747571100614,274.576233226098,226.060052290923,182.766877485364,43.6090446974047,20.936517982,15.2520182925226,17.2070783357842,26.4596953901832,42.3726178336573,68.1936995532297,109.014747245026,98.8496794527339,220.127952205878,82.4374800549229,19.6395973394967,73.1936882106375
"25",143.855586230258,159.238131645229,168.225406812828,135.780046246154,38.558914315441,20.1359884242133,19.0288990375944,19.9495309616189,33.3936038490328,50.4753590539372,71.3509367846703,111.177308022332,80.9308092819424,157.106374896105,64.8249829952696,24.1240112827487,77.6678679536464
"28",184.642724056671,201.920715983958,241.05954117646,136.545205066665,40.5588470513457,20.5323365205558,17.0220527195995,17.8595204314892,32.9913788780535,53.0202884138081,87.8267974892925,131.113580449879,97.091082353148,209.207660405696,65.8787962128555,22.6243173430474,90.6535554509932
"30",144.012431396546,248.555219791772,189.696173580039,169.150724704187,44.8554294587181,22.7204906024302,16.0786849731867,17.634892452295,26.8040979879405,43.7411251178603,69.2452818330125,103.475343098849,91.3308245830699,194.087941589453,78.9088815884452,20.1725584711407,72.1539166832407
"32",135.95780753692,219.695965057398,175.72326878135,167.690553953174,35.0629465911211,15.0177974323853,11.4530236262477,11.3131767911829,16.1860195186981,29.5666319606123,50.525245015078,75.2329756407472,78.6187843254095,177.125680458556,72.5904326588934,12.9840733120429,51.7749508721458
"34",115.361148273075,221.215975516399,272.322380017053,140.559915375998,32.3050833530415,14.8481760505716,12.8322806656691,13.8464264965908,17.4373977810981,27.8970296240275,37.875569349812,66.6382532191337,81.094969643539,202.966501268842,62.5710582598703,14.7053683144527,44.1369507309911
"37",192.776652351956,395.282205278051,569.459605943684,220.443139194449,44.3766381043113,22.4865076654112,16.735682663353,17.908778767686,29.80906507804,48.4788298583883,72.7287637517309,108.961225722232,144.953924531608,385.839487857897,95.7687616547237,21.4845088363596,76.7229397774504
"40",152.809165177171,163.72080671909,141.628363469182,115.233954467777,35.6486982701732,16.3780600857738,14.8633716412479,15.7161828899393,24.4707075560774,40.5200821057728,64.3120920618221,112.769641248405,74.8392604743693,152.719445121814,55.7535709412414,18.3500873624216,72.5339384720001
"41",110.193122201373,116.808356319623,119.461852344691,93.1165416007758,37.3229613483305,17.4251194130938,13.9256665332379,14.5293536725013,21.1091874682222,37.2840871659199,60.0788095664254,91.9163450436965,61.0976168898242,115.487776955229,49.2882074540667,16.5214025579872,63.0930805920139
"42",217.960563793532,249.289911284263,327.519991513328,169.869478231635,50.7427114337241,22.9120701863628,17.5303257573273,18.3353908856198,33.6302794681327,55.5992486759888,101.707655413601,142.947496342651,117.33709358218,264.923488863708,81.1747532839072,23.1653320370266,100.08480014408
"43",188.266151067352,204.107392381688,207.748429844522,146.367210244839,44.0669206488313,21.4985121798284,18.8415489158848,19.2853490881619,34.1560123393081,54.678476689018,89.4193500651633,140.616423604807,97.4209814224504,200.040657764521,70.6442143578331,24.0943034477849,94.9047501196628
"45",205.94889667287,405.703378862591,445.558883010095,237.747591019163,45.5407355759165,22.3122223388369,14.6890644198435,15.4815118521765,27.8159930914124,47.150099959651,77.5074008300078,122.31317886501,138.980746374798,352.403719515185,101.866849644639,19.3288564544774,82.3235598848895
"47",179.810055716178,278.14257765808,232.319783933452,192.815481146677,41.9078516038759,19.9905280181011,17.086100416632,17.2203500097793,31.0301797935425,49.6334667461522,78.4306018687141,133.437429646369,105.98536721313,230.090805769237,84.9046202562181,21.7788767399846,87.1671660870786
"49",152.215479355744,260.715032659104,315.576375615368,148.37961950566,36.43252619807,21.3015089181402,17.7061776636845,18.6287853529705,29.7591605557483,48.3323251669196,65.7212034040876,98.7279270423202,101.124676786485,242.835629210072,68.7045515406232,22.0313745241344,70.9271518711092
"52",75.9626614994102,74.7132776005217,65.0457656195487,41.7582025870853,22.4581821578146,18.6409962380564,17.0207821229919,16.5463181697512,25.4596600733898,39.2796634439579,51.131649636937,61.206510589894,42.4353058116132,71.9072349064936,27.6191269943188,19.675586788711,50.5392745569296
"53",126.097213193836,254.794279169513,379.314669761257,164.059558457093,34.5953284197165,17.2128459038772,14.9260570491142,15.1637365833628,21.0325480547103,35.055930186936,50.3822108690633,80.088586141444,99.3935803158269,253.402054041535,71.9559109268956,17.0407805623958,55.1755757324811
"54",197.493081287615,399.572879446403,556.855704938066,215.502886846068,42.8834178769296,22.9796044669497,16.6232967101265,17.7196741607356,30.562604812892,49.990380286776,72.1618647860645,105.559091588727,143.992040600613,384.640555224028,93.788636396649,21.6351918945847,75.9037788871892
"57",100.22754952323,191.448594466763,261.339618021007,104.997599168544,26.2864211230873,17.3616466749146,14.6280539459822,15.7997727866115,21.3993996690501,34.0801492587937,47.6185871814767,63.3078538070705,74.8746038022109,184.338587337,49.5485556555153,17.2757421338813,48.335530082447
"59",165.513922873869,278.357567544296,331.075108600102,154.951199474148,37.6528754937698,21.9721809182815,17.6193694301639,18.5328991480295,30.6923465057443,51.5880217604022,75.6429038680753,123.900571401423,108.958247251525,258.315533006089,71.5254186287332,22.2815383613126,83.7104990099669
"61",171.796566292977,300.678565247775,445.389846789423,187.639342597474,42.1170747107186,19.8748285116168,14.255613853065,15.0198357820609,25.8063238953999,40.1032105831575,67.6109821996274,89.930764883081,118.351912945531,305.954992776725,83.2104152732699,18.3605911768419,65.8816525552886
"70",99.3160708386262,194.615949730009,265.849711500659,110.454642110788,30.6744420833841,18.048858721396,15.0607748118748,15.7850097088878,23.4209975411884,36.6137105293526,48.6937301603208,65.7611645345622,77.0245885225874,186.593910689765,53.0593143051894,18.0889273539837,50.3562017414119
"76",184.304875239656,306.574716195309,365.532377861595,194.682394835051,40.4294041283646,22.0020221377838,17.615356883887,18.8285822816914,31.0336988942952,54.4468579184169,78.7670561156404,123.164649387771,119.781832656622,285.470656432187,85.7046070337331,22.4925460199579,85.4595211406094
"79",154.22879273614,273.502942566984,373.989484893226,151.131613858188,39.6807339958419,21.1088893029545,17.1472565911588,18.0025110455905,29.9490269436355,45.6221260253939,68.7769780723367,90.7782338909735,106.993215826869,267.240406732117,70.6404123856613,21.6995981934616,68.3924459962347
"81",84.5605536549775,116.133726575518,122.498285818427,61.519835276076,29.9708355261398,20.3324993895227,13.4877382250306,14.5479892772707,21.5404665705825,34.3243065701801,45.2598241415475,61.5169895961272,52.1410875517833,107.730855349641,37.2743900639128,16.5253980242946,47.033706769285
"87",54.5892986104087,40.7891822551063,30.8597437988295,18.9026261657306,12.7352130947222,10.8979518792434,10.943598683925,11.0999351194826,13.2648229332196,22.2938700629791,30.635193858951,40.3534441228425,24.7804067154534,42.0794082214482,14.1785970465654,11.7694522455424,31.0941693482575
"88",89.1790777428567,97.948743353983,107.516257983159,62.4479467208901,32.3136508056108,19.9418565181338,14.4204166023744,15.2932894635557,21.462234492423,35.5593629369788,50.0133616668673,68.5648603184673,51.221754883775,98.2146930266662,38.2344846815449,17.0586468527844,51.3791949741045
"92",92.5280789099355,103.945124290078,91.2344920334239,53.2285550375836,24.1938927640145,15.2988043316092,14.6738779018165,15.559723596322,22.4361141297941,35.555831238725,52.0488086353428,66.3830474112327,48.9238625233231,95.9025650778124,30.9070840444025,17.5565718759775,51.3292290951002
"94",53.7865316869407,42.8872933213227,38.4137205999651,22.1710631190462,14.900304085539,11.6516230516467,10.924224438723,11.1166651483504,14.8344770670373,22.1759073969978,30.8190292389329,44.8880515490733,26.5474075586312,45.0291818694095,16.2409967520773,12.2917888847036,32.6276627283347
"97",55.4388301207685,45.2252288745532,34.2817745749319,20.539379281493,13.552125801097,11.8925953101753,12.034755250611,11.8053030442631,14.9148870138337,23.5582965697313,32.3510507367729,42.7899601039132,26.5320155568453,44.9819445234179,15.3280334642551,12.9183151029026,32.8997691368058
"101",94.3557751763645,179.398840587555,243.46070441886,88.9568589316791,22.1107957596406,14.3143529746509,11.9567949602282,12.4175699529952,18.0910885522253,28.393095844667,39.4341066091504,61.9088134792285,67.8998997706038,172.405106727593,41.7940025553235,14.1551511551495,43.2453386443486
"103",111.191571581677,202.861828098583,273.061309063583,112.261084170322,28.0217580967006,16.7754010914814,14.1863572625681,15.1720002726144,22.4235368941852,36.3645922831325,48.053387372338,72.8042275260451,79.4314211427691,195.704902914614,52.3527477861678,17.2606314764559,52.4074023938385
"106",64.0447126549603,66.6041667272127,72.0141383324796,33.7920077409518,19.6900480226325,13.6473897376028,11.9347789314207,12.4591437729628,15.9170406174096,24.3914873253255,36.023529908675,50.1645429812494,35.0569155627402,67.5543392382175,22.376481833729,13.436987773931,36.8598534050833
"107",123.006905448706,218.265598481451,293.971224136397,114.784995279013,31.7922768749589,19.6725528341818,14.2097511820776,15.067161930725,21.2726927984231,36.1803613519235,53.6249114455894,79.0985703734508,85.0789168447414,211.747909355518,55.4166083293847,16.8498686370752,56.3012810569879
"109",66.6009537202592,64.6038099668988,67.4858090129639,30.3842009450776,18.5354261963484,13.0481613227983,12.0299577135642,12.6577795830609,16.4267376928844,25.9906029896884,37.0150928450483,51.2989117285116,34.6731203097587,66.2301909000406,20.6559294880748,13.7048249965031,38.1015358544161
"110",120.186137025837,147.512357066057,153.342790411709,76.0706541835314,39.7043094074781,19.0495757446394,14.6364765728038,16.3724724028983,24.7770306022407,37.9992190728972,57.9386482557331,89.8807357887432,66.4558672112141,140.347094834535,44.941513111883,18.5953265259809,61.9395343724579
"115",156.369793032537,224.302807940916,315.203646897802,224.404493944672,52.6048762162277,22.2574051340542,15.6244981608917,17.3227536508213,29.1396659596086,44.1181986587378,71.2319125644506,99.3465516432939,105.993883650334,231.958749290418,99.7555917649848,20.6956392571072,71.5655542888274
"116",111.274730918249,152.039160739356,168.483082608124,67.0589029016999,37.9086294039865,18.6460121050921,14.7382994304988,16.1592841319214,25.6226082053526,39.391191131494,57.1887340399104,82.920031973978,65.9525556324719,143.932324755243,41.2045148035928,18.8400639225909,59.8333190484608
"118",97.3971741118769,119.073471511903,136.721356142469,68.063026521966,35.5554357731108,19.6319235285554,14.2309006377206,15.8412469125569,22.5277900372893,38.3870995947118,54.3542592699999,75.5753569817823,58.1132534186618,117.730667255416,41.0834619412107,17.533312529189,56.1055719488314
"121",128.15312289734,161.66744497317,199.150630681672,90.9350016384345,34.4492724559775,19.1590331151348,16.5302447001773,17.34676793067,28.4665788347963,41.9357996170123,66.2073782512469,84.668083701736,74.0557798997806,162.990399517394,48.1811024031823,20.7811971552146,64.2704205233317
"124",62.0720562632699,63.957029413031,69.5781624379855,31.9476915559321,19.8719164989294,14.183424043614,13.189980859359,13.3390445890778,17.9323768534968,26.1504488569369,37.9448595859586,51.3193583731706,35.1238624442301,65.2024160380955,22.0010106994918,14.8204674339778,38.4715556053554
"127",129.799329555666,177.162767722587,191.416963671242,72.429648142293,39.3976981736005,19.2230957704733,14.9278371363136,16.335741702484,26.2041531778657,40.9922866015426,62.5341906986831,98.3636164867708,74.0656107366268,166.126353649831,43.6834806954556,19.1559106722211,67.2966979289988
"130",105.247057797674,137.678102224952,144.410814466186,63.5839750054291,36.4273882795282,18.2395655831423,14.4065829350039,15.2435968735444,24.6144546647414,37.3419978214049,53.7129731813747,76.0766630597172,60.5819309910582,129.111991496271,39.4169762893665,18.0882114910965,55.7105446874989
"133",54.1562331419109,43.1706935724371,36.4351882318796,20.9394504290487,13.6677736728255,11.2436211282415,10.8534404429446,11.0500613370151,13.8934401569065,22.2167026981654,30.5154660400194,43.2057094893962,25.9456483617326,44.5873716487426,15.2836150767053,11.9323139789554,31.979292742527
"136",26.6605529109192,27.3168630673599,25.4753171717453,20.9453664764786,15.3322353185082,11.8669227867508,10.7102912851143,10.4770184509277,12.3832500936699,16.2187493557739,23.3756387966919,29.6373025388336,19.1999590210644,26.4842443833415,16.0481748605792,11.190186609904,23.0772302304332
"140",54.6933070893892,56.6933942304398,64.3787940888614,30.6695032543066,19.4102578910562,13.2719171071129,12.0036972233393,12.4605411345574,16.0644963064009,23.7273355607806,34.5993500080015,46.4134037588815,32.0321664710939,58.5884984695634,21.1172260841586,13.5095782214325,34.9133631092212
"142",104.899165059395,130.150816043942,140.389626800165,68.9994050183571,37.7764012062069,20.3615969335377,15.0200018621327,16.4183295689143,26.0810576193968,39.3835156652873,55.3199420235737,74.4877191567734,60.7739647464735,125.146535967834,42.3791343860339,19.1731296834813,56.3970589485448
"148",95.3433500486446,126.225990645542,137.86098351456,71.633738877019,34.9735678302152,19.5025522099142,14.4559250721513,15.5498030181761,22.3523121813533,35.0492594456353,50.7022453288436,74.4017777362044,58.1709588256883,119.810108069582,42.0366196390495,17.4526800905602,53.3844275035611
"150",144.867466693441,269.037154333291,333.238290204456,142.928703602277,31.9903111510118,17.4120279500283,13.1569246290352,14.2142512395156,20.7869681376054,34.133382317013,52.6646818168302,97.4449876057896,97.6562624733579,249.047637077063,64.1103475677725,16.0527146687188,61.4143505798776
"154",102.786400773073,197.72509078968,281.002607393026,101.438820359556,28.3370494218149,16.6400072000123,13.1649937405533,14.2580293019317,20.6659908226831,31.7663979567561,45.2528326145383,70.9695925578572,77.0006510776235,193.83803298526,48.8052923271277,16.0296712883894,49.3296077097172
"155",94.5520009596792,118.26368558206,108.143673977066,80.439673285154,24.8658536242608,15.4801174952799,12.6964537834299,13.202883319123,17.3241222680026,27.0575171869986,47.2318462050565,82.0061125459925,53.4386616860086,106.986453506268,40.2618814682316,14.4078197901852,52.0984919793492
"157",125.765111552815,170.045525739763,191.595863006924,76.2197015086657,43.8817451267774,20.1912908176527,15.5347534339945,17.1176117949881,28.6046414249183,43.7037123803924,63.5206012907063,92.1911984214947,74.0309797082577,162.468833433167,46.7642458176986,20.419002217967,66.4718373641978
"158",123.278454623693,182.804276673293,170.882022886791,90.9777069973515,33.10526663434,18.1544275924956,14.7170125663559,15.2035453019433,22.0277297539716,34.093687790222,53.5778461339135,97.3097644729792,71.3443117856124,158.988251394592,47.412467074729,17.3160958740903,61.6604327990382
"161",137.238886831326,174.846887086713,256.594852888907,110.806227082618,39.3516516940485,21.1501132069812,15.9719726022576,16.9242214243345,28.1718490941127,40.9243703964722,67.0841871411444,84.8581487838715,82.8269473527322,189.560208935649,57.1026639945492,20.3560143735683,64.2889021071627
"162",169.326125242592,281.799581767803,329.991087863303,161.292575750193,39.74821602334,19.5930177763019,15.7307562640761,17.2330624073657,25.4306818543736,42.8190638512731,70.4306630869952,122.28347913074,107.973192584863,260.372264957899,73.5446031832783,19.4648335086051,78.5110686896694
"164",47.3602263354648,47.0679710026216,42.3943183709536,29.3526680389092,20.426964039068,15.4392899873032,13.8733259973037,13.7269298250076,16.1995368372691,22.6846884718203,32.770860601711,45.5068693603707,28.9003040723169,45.6075052363467,21.7396406884268,14.5999308865268,33.6541394779673
"165",142.514843150951,174.27836076835,244.354035397888,97.9051249995783,31.9633999306584,18.1399095673242,15.0539598767453,16.019750798357,24.5659825626309,36.0544973624557,60.5942719669906,90.1303919669751,79.2978773624086,187.049079772396,49.3361448325203,18.5465644125777,62.2597204321405
"167",75.6435981335349,88.225864395383,124.90342820414,59.9333545052882,22.4642603823705,14.7538257671665,11.8702920476959,12.0031354394919,16.7444681606388,22.9675890691114,38.6263429123199,49.6590829749007,44.8162701660035,96.2576302443526,32.3838135516084,13.5392985492755,37.0843383187773
"168",138.01740377133,283.465812989108,399.28344583304,133.425002179193,34.977529840578,17.7257907509924,13.9276861747145,15.2605734477724,23.6634667727603,35.5762254885341,53.6786677171155,85.2098523807449,102.850954778824,273.588887531159,62.0427742569213,17.6172421317491,58.1549151954648
"170",57.6969848646286,62.1487248057062,58.8976027142833,41.6644066954062,21.9399125288902,15.1653374104778,14.4460060673378,13.89253133321,19.8885306892979,29.9579281668526,40.1706173858438,51.9686521762826,35.6531029031848,59.581104128206,26.2565522115914,16.0756893632819,40.6990659096597
"173",64.8937770841677,68.2225909688614,70.8447890494545,52.8807309060283,27.3002534175168,16.8205505966202,14.1360541126474,15.9303286949944,20.4708715943476,32.3455045879952,44.0879751882557,53.5571696037311,40.1242163170517,67.9870523674946,32.3338449733884,16.8457514673298,43.330216459994
"178",65.72944118941,87.6461233675821,95.2965505323884,64.6097399462938,27.833713151093,24.9660531494106,12.5810466139902,11.261262193466,15.8529974922483,26.520873686979,29.7144011938214,51.2290275417586,42.7701025048701,82.8907050297935,39.1365020822658,13.2317687665681,35.821434140853
"181",58.9772754198099,62.4422772665975,66.876252353815,55.7741345827299,30.7287750289564,22.909097863627,12.0728262624558,12.246864235512,15.5557254417041,26.7121527688713,28.5666485456223,50.0528214615575,36.9095709359382,62.7652683467408,36.4706691584378,13.291805313224,35.1105409253504
"182",58.0896246351199,62.5041909114104,69.6128340298499,62.9407279450616,32.2696520287369,22.8118430842416,12.1779428500915,12.5881451421342,14.2862136709406,21.2998806251508,28.643468337675,48.9657732056372,37.1825247055041,63.4022165254601,39.3407410193467,13.0174338877221,32.9697073894877
"183",62.7270787152512,71.3070339647579,82.4775141778971,66.1234067164908,31.9110560956815,26.6232680724256,12.5022302663898,12.2102107277519,13.6303779841015,23.8284691828108,28.6684647251685,54.5647601316698,40.5478225633664,72.1705422859687,41.5525769615326,12.7809396594144,35.6872313465497
"184",80.9096278815065,93.7023683363555,91.964126960144,73.1617547632041,33.8989888362261,22.8533412963155,12.9044909820418,13.3179016086889,19.7178632375369,33.0718124339373,39.6669107761229,62.0706298085948,48.1033180767229,88.858707726002,43.3046949652486,15.3134186094225,44.9364510062184
"185",103.464857408643,127.191042555534,105.225718267379,96.9098354998497,35.6095812891633,19.9941817501333,12.342939740472,12.7457614704228,17.2885532414644,31.0798620315391,46.406590332728,78.9761420431957,57.2695888025438,111.960539410519,50.8378661797154,14.1257514841197,52.1541981358209
"186",55.157177939224,55.5879319259003,65.299898531858,59.2024161737808,27.6525092408951,22.9637066105997,12.305007182139,11.21091061923,14.3428916187737,22.4977962458171,25.6422740433495,47.2509058039169,34.926118827957,58.6816694656608,36.6062106750919,12.6196031400476,31.7969920310278
"188",222.893017914433,277.891826962318,290.286915724704,245.020824709278,65.2363355540049,27.2990115664042,19.0228578735732,19.7739057614456,33.4049531380058,57.508592263231,98.9928918768798,153.686342494087,125.91812298653,263.690586867152,112.518723943229,24.0672389243416,103.395942211399
"190",62.3516713645457,68.126538840275,46.4876138987961,36.4037875868423,19.8464681188504,16.2163905369255,14.1857358987161,14.8969723812271,19.326495281532,28.661098922461,38.2846922338767,48.1559575893694,34.4119518877848,58.9886080345389,24.1555487475394,16.1364011871584,38.3672495819024
"202",65.5313031621495,78.9556062977612,60.0535681169408,51.540798145528,29.7648974181284,17.9015421672721,12.2325117796366,14.2853448363592,19.0085439868338,27.4424333249088,36.3203713322643,46.1389941870422,38.2646595629021,68.1801591922839,33.0690792436429,15.1754668676099,36.6339329480718
"207",66.0543101785005,88.5270480318209,91.7877778759385,64.3591125015361,28.2467320373914,25.5599318989704,12.5546427094045,11.3135298294223,15.404619173032,26.4284016874955,30.1426044115329,52.509521971106,42.7406860255126,82.1230453620866,39.388592145966,13.0909305706196,36.3601760233781
"212",120.881768294354,130.395358845202,146.643583307568,78.3917229096291,31.0294737764273,18.1358693215639,17.729720425848,17.0998486998414,28.3108562560668,40.2771798967264,60.3905236340569,89.2245666989641,64.8758726721873,132.640236815708,42.5190220025401,21.0468084605854,63.2974234099158
"216",47.7958372852415,49.1463383020956,41.314026806046,29.2599331510048,19.0709484487233,15.7416575526738,15.2806050218176,14.3004144699418,17.7180271520921,22.7570169866194,34.0055822433587,46.9394804235674,29.4441556535985,46.0854007977944,21.3575130508006,15.7663488812838,34.5673598845152
"218",29.6356262565575,24.65532129701,20.7146673371166,19.2000142701473,19.5451883710287,12.2023188221011,11.3167196251846,10.9277942587004,12.9227277648811,19.5216872695727,19.2942136241498,25.1548308917219,18.7575924823476,25.001871630228,16.9825071544257,11.722413882922,21.3235772618148
"236",56.5041732182155,54.0624687788637,47.1569012670905,42.5659820505222,23.1156054890705,18.781850724214,12.0259441624916,11.2256027479477,15.0921494419394,23.4749661889636,23.9833140535191,44.5620020002331,31.0459133435892,52.5745144213899,28.1544794212689,12.7812321174596,30.6734274142386
"238",45.0805301625663,45.5041480572162,65.0926987660287,61.6638118933257,29.3800094566703,19.3248690831249,11.839745098013,12.2099634372248,13.7731748452868,19.4851268358799,25.2514485999835,41.3907672989199,32.4996911278533,51.8924589952704,36.7895634777069,12.6076277935082,28.7091142449278
"239",59.0106752943976,57.5828407781047,56.3878128220628,50.0263859951931,29.8322555457888,23.5917778232104,12.3085710600346,11.6352244573829,17.5313875310409,30.464369902718,27.8040065357661,51.4811468185384,35.6380378803532,57.6604429648551,34.4834731213974,13.8250610161528,36.5831744190075
"251",52.325019793725,57.3226893110748,54.2192526910599,50.6562059321451,28.6318173730336,12.4415676555479,11.0702879247543,11.7218419584009,13.2180058681853,18.7789946719766,33.2089602923708,38.3400866996673,31.8278941809951,54.6223205986199,30.5765303202422,12.0033785837802,30.1093472213382
"269",56.8664867554158,58.7036124776422,78.1063368005741,73.3848000494652,32.7901221598723,22.8493011782073,12.0775915526811,12.1658778625315,13.6253360350255,22.460972551838,28.4231937113131,49.5502464379424,38.4169897977091,64.5588120112107,43.0080744625149,12.6229351500794,33.4781375670312
"276",73.1854960864653,84.3209995455533,84.0989679118363,73.4549122859736,26.9870991201949,23.5218183990023,12.4924708184251,11.057983522691,13.4908937639085,23.6809125221077,25.5843160249073,57.3296122204165,42.4337901851235,80.5351545146183,41.3212766017236,12.3471160350082,35.5316135891439
"279",48.3176114489322,53.0373668495208,70.0955041285743,64.888811337777,31.6070173141525,19.6275668898598,11.7261024020172,12.5326533674988,13.6193502187159,20.1549652351362,26.8488758124217,43.8722392414038,34.6940053538342,57.1501608090091,38.7077985139298,12.6260353294106,30.2920267629872
"284",42.7324020840722,43.6687367092984,47.643778015195,51.4490371688823,28.7521439365981,20.2378690407166,11.7819785426636,13.0938042333613,14.5936596720742,20.1864491715232,26.6691250418478,41.5284270448552,30.1947842217573,44.6816389361885,33.4796833820657,13.156480816033,29.461333752742
"287",37.4268322375402,38.7821739054195,50.1326246540105,49.2960099337697,26.9005251168637,16.1242306960154,11.5386358244814,12.4329758091052,13.0761497560272,16.7014223028388,23.111754804393,33.1119556031286,27.3862742202994,42.1138769323234,30.7735885822163,12.349253796538,24.3083775701202
"292",182.30409324522,216.091642837237,209.599639573581,154.900729090462,46.1212015322925,23.8529061889842,17.3097384760032,17.355390171369,27.8595913068139,48.6985479215552,83.8364045900602,133.76039647504,96.8075234507182,202.665125218679,74.9582789372464,20.841573318062,88.7651163288852
"293",39.334099950746,45.3643682711466,47.9010787533414,46.3079337758882,24.9878616453049,14.552581429137,11.4917740082876,12.613335096383,14.6335718519814,16.0217419600262,22.742909330368,31.0626939725221,27.251162503761,44.1998489917447,28.6161256167767,12.9128936522173,23.2757817543054
"296",49.5687943363029,56.75035006245,70.6334884559701,60.3290644709929,29.4064867568565,17.5073233089702,11.7765095116749,12.7677971534838,14.9769782614818,19.1324351518055,26.6006783019031,40.2919910361789,34.1451580673392,58.9842109515743,35.7476248456065,13.1737616422135,28.6750348299625
"301",65.6175619974144,98.4396708094862,109.272180956599,58.1282534643938,22.306662060199,17.034380502744,11.8828804626444,11.1618391568885,15.7090102500394,22.4911735441968,29.9796952736857,51.148009604378,42.7642765068891,91.1098045878333,32.4897653424456,12.9179099565241,34.5396261407535
"302",49.4241976033363,53.3496822957032,58.6561930446379,47.8479792533014,21.5986941152694,21.8455854048647,12.2613474113993,11.1771930401078,14.2813700395451,21.5524448468992,25.3196051723198,47.5780248721955,32.0743597582983,53.8100243145591,30.4307529244785,12.5733034970174,31.4833582971382
"306",73.1531492740549,102.160990709562,136.595781866751,79.6035348201351,31.5449238232858,25.5367644333831,12.7898972506985,11.3718795407469,15.402031408897,26.6383091150791,29.6121432579096,57.5745252783833,50.1653275649072,103.969973950123,45.5617410256013,13.1879360667808,37.941659217124
"310",50.033657197961,45.5463250126738,35.3837244594943,36.0043981098047,25.3148082576277,13.0025225475217,11.3675584288387,11.8880330435908,13.8379195429476,22.5820564751044,27.3099613511508,43.3147713176548,27.9654779786975,43.654568890043,24.773909638318,12.3645036717924,31.0689297146366
"311",92.7286188308664,100.367517276527,77.3647142557686,61.4915369023809,24.3758315911932,13.1644414875446,10.8376628964683,10.5632516092503,10.8937348942411,17.7604221165717,37.6668212710955,64.3056953441619,43.4600207063391,90.1536167877205,33.0106033270396,10.7648831333199,39.9109795772764
"317",62.8250991608034,79.3575440698089,80.8498534720349,55.1066013819135,25.5706255561655,23.2185120667795,12.6842837233561,11.404156490732,14.98147724397,24.073946683462,29.6649917155937,56.1488580566225,39.6571624684368,74.3441655675491,34.6319130016195,13.0233058193527,36.6292654852261
"320",151.447790724153,157.316117848962,156.430951509155,109.120004773199,37.9119627741211,19.0120747742477,16.7897575198255,16.7925210065727,27.5116600492493,46.0234591911911,75.5101519114227,118.47997515568,77.6955356031483,155.064953360757,55.3480141071892,20.3646461918825,80.0045287527648
"325",45.0524857672721,45.4373996989093,65.1553324705575,64.9912643754729,31.3340963395286,19.6892862743633,11.9261916725674,12.541615157577,13.9895889676013,20.1395516271397,25.9925396098102,41.9658112163089,33.1845969314257,51.8817393122463,38.6715489964549,12.8191319325819,29.3659674844196
"326",45.5249377401396,50.2063794912515,55.1933636897891,61.3048917485118,29.3066156863781,22.5491200534875,12.1616783355275,12.1218990480162,13.9206651183741,20.6020673951826,23.6245031094517,39.0725888431961,32.1323925216088,50.3082269737267,37.7202091627925,12.7347475006393,27.7663864492768
"329",89.3264022330829,104.629818085838,90.0972747884757,75.0580547145325,30.607656437069,20.4758973682872,16.5525279487315,17.303239641988,27.4839998825322,41.9320214512157,52.5013182829305,71.6185146346512,53.1322271224445,94.6844983691321,42.0472028399629,20.4465891577506,55.3506181229325
"331",64.9065310066372,83.5445833204774,113.781194177005,74.1725869660262,30.2275879574611,21.8720118319216,12.3759229051841,11.9060273763924,15.5464422614098,23.7842189096778,28.9091334551344,50.8589337170383,44.3237644903638,87.4107695013732,42.0907289184696,13.2761308476621,34.5174286939502
"337",67.3963142427147,73.8279139233734,59.1696639341031,44.3238529221184,19.1972211800315,11.8174569104708,10.6928084028494,10.4265154239369,11.5229131552629,16.1170571675969,29.4497201389314,49.0506208957957,33.5826715247654,66.7979640333971,25.1128436708736,10.880745660683,31.539132734108
"351",63.1336138127966,65.9191127605654,79.882164239996,72.9824169611609,33.0385663101139,23.0378282773139,12.5316420895297,11.889694584684,13.8567858130546,25.8046622189976,32.145180201893,52.0708568805607,40.5243770125555,69.6449636044527,43.0196038495296,12.7593741624228,36.6735664338171
"355",58.5482338463853,59.2835708057151,64.5742670606957,61.5078974903614,29.6611425991305,22.4836154033328,12.4246321750639,12.3493176500094,14.0244313447121,21.6458595574871,28.6569435951055,47.092558596993,36.0210391770826,60.8020239042654,37.8842184976082,12.9327937232618,32.4651205831952
"360",145.41078959733,250.840767618726,327.613931160499,171.388106378191,38.1724540386659,20.5410759633393,14.6142405124344,14.3669887684707,24.9857759602864,46.1229445838478,60.1288232650715,105.476701305421,101.638549929357,241.288496125518,76.7005454600653,17.9890017470638,70.5761563847801
"361",47.0338722961471,50.4484205849209,54.097026345448,55.6218796810331,28.3533950224105,20.1606332859691,11.9059544307076,12.6717434175004,14.4725738526731,21.3136263701532,27.960490272337,41.749343381097,32.1490799116998,50.526439742172,34.7119693298042,13.016757233627,30.3411533411957
"369",54.4464043172637,44.4751523835724,33.8545776706061,20.2363643200352,13.4617633045974,11.8615810547323,12.0011490663054,11.761498584141,14.9025367044614,23.2117922690871,31.8574487371065,42.3393007281851,26.2007974283411,44.2587114571474,15.1865695597883,12.8883947849693,32.4695139114596
"378",59.0106752943976,57.5828407781047,56.3878128220628,50.0263859951931,29.8322555457888,23.5917778232104,12.3085710600346,11.6352244573829,17.5313875310409,30.464369902718,27.8040065357661,51.4811468185384,35.6380378803532,57.6604429648551,34.4834731213974,13.8250610161528,36.5831744190075
"383",48.4117651527277,49.9818646561781,55.5291307767035,55.6790787862711,28.1903127598587,23.0100423357962,12.5066986512429,12.5347993272489,15.1147314474704,22.6180584666912,25.6564773471938,45.7916392740551,32.9187165817865,51.3075868618698,35.626477960642,13.3854098086541,31.3553916959801
"387",137.238886831326,174.846887086713,256.594852888907,110.806227082618,39.3516516940485,21.1501132069812,15.9719726022576,16.9242214243345,28.1718490941127,40.9243703964722,67.0841871411444,84.8581487838715,82.8269473527322,189.560208935649,57.1026639945492,20.3560143735683,64.2889021071627
"393",37.4268322375402,38.7821739054195,50.1326246540105,49.2960099337697,26.9005251168637,16.1242306960154,11.5386358244814,12.4329758091052,13.0761497560272,16.7014223028388,23.111754804393,33.1119556031286,27.3862742202994,42.1138769323234,30.7735885822163,12.349253796538,24.3083775701202
"397",63.2745568576686,73.9339208666665,73.9846512159058,61.3595305807542,30.5769923078542,26.7814953352131,12.958975247394,12.4091467344435,14.8153000727002,26.6105716040017,27.5980121964764,56.7471207143661,40.0875228111204,70.397709646747,39.5726727412739,13.3944740181792,36.9852348382814
"431",104.855614894981,115.086728976071,107.97774852397,79.1458575030685,32.1194899416389,17.6756969901431,14.6927910669833,15.438597508822,23.7737332857248,38.768279537001,58.668092011874,87.7294253882327,57.9943379690426,109.306697465007,42.9803481449502,17.9683739538434,61.7219323123692
"453",114.440312271289,109.683973510991,106.216706479974,58.8814455247426,23.488796346206,15.0800732094711,14.2039980388265,14.5939466893105,20.8722532242018,32.2432904593583,49.9768738674727,85.0191905334773,53.7250716796101,110.113664087418,32.4834383601399,16.5567326507796,55.7464516201028
"455",103.296128301694,197.975187165258,277.499163472209,99.0892644185144,27.3960865675653,16.2601166870773,13.1659698492213,14.0126864882226,20.2566466824545,31.3134085570783,45.6837774637401,69.5461024700915,76.2912115102606,192.92349297972,47.581822557719,15.8117676732995,48.8477628303033
"463",134.573559666843,162.853569454829,177.900183340145,69.0731405783474,31.4478995047401,18.9797919601078,15.9629424653593,17.009367590024,25.8974532918939,42.3458887367851,67.1512743484768,102.563434318881,72.1465421047026,158.442437487272,39.8336106810651,19.6232544490924,70.686865801381
"472",34.5832745994204,18.6212364983789,17.0604338944848,19.4934824023727,24.3150606941019,12.3813100596443,12.2067818044652,11.3584102404169,15.773050906057,27.6989713952048,23.5964957345398,33.7879130009078,20.9063684358329,23.4216483307613,18.7299510520396,13.112747650313,28.3611267102175
"475",52.3626381227091,41.9479387234307,32.5915063262726,22.1478988646681,14.8793997382742,12.1211349882141,11.7357154007471,11.7815150558988,13.6171564765745,22.0142287397685,30.6756225134558,40.9339489238159,25.5673919894858,42.3006943908042,16.3828111970521,12.3781289777401,31.2079333923467
"480",120.362827779794,139.738329172762,140.434095919605,57.6017447452001,25.4146493343605,16.7493436378887,14.7205469992435,15.2927909760479,22.6471023720512,38.242209045673,59.5969479359367,90.8896303886676,61.8075181922692,133.511750957387,33.2552459058165,17.5534801157809,62.9095957900925
"482",55.3358301737515,55.0742789890681,51.4041093032445,33.9959717685736,20.6805220702807,14.9019854029792,14.4809400112937,15.1650677377377,18.8176344912888,29.2012418808368,39.4032772216894,48.8716182106169,33.1110397717801,53.9380728220214,23.1928264139445,16.1545474134401,39.1587124377144
"486",54.7822988743329,50.4659982683006,48.5716142603016,28.4792276283432,17.5203961924767,14.4514586719306,13.3273505615928,13.5178307443892,16.9533980352896,24.792879577614,35.5853878187064,48.6526528437708,30.591707789754,51.2733038009784,20.1503608309168,14.5995264470905,36.3436400800304
"489",49.355436830331,50.3721131075879,47.3009794520851,33.529592501036,20.8775975657298,15.914704490834,13.9571439410366,13.9845444972639,16.7951216705248,25.5394281234458,34.3104617788154,45.5238938220144,30.6217514817254,49.009509796668,23.4406315192,14.9122700362751,35.1245945747585
"510",56.0569937581847,45.752250981533,40.2310051551859,22.2053194843588,14.6406489310626,12.2864150809033,12.0840881691716,11.879055688354,15.6333322516208,23.461783994507,32.9254402088085,45.8041094349739,27.7467035948887,47.3467499649679,16.3774611654416,13.1988253697154,34.0637778794298
"529",69.3890485319834,72.2601576610434,78.8823918547459,68.2015611040333,31.596131484933,26.5400526603448,13.2443832574765,12.1719325363436,14.3040493125408,24.2637732469679,31.1752784393382,57.4038282761999,41.6193823638292,73.5105326825909,42.1125817497704,13.2401217021203,37.6142933208353
"548",129.665856106525,166.968244198134,188.220617390159,107.02029419523,39.157855291406,21.6873910887529,17.1094086915665,18.6265992672881,31.3366539643444,48.8891634092771,68.4269633623314,84.5459010177797,76.804578998566,161.618239231606,55.9551801917961,22.3575539743997,67.2873425964627
"557",77.0010963824015,82.7936905375763,73.4579166273105,61.0187646911497,31.5449895248648,21.401474655622,13.5877444677715,14.0525869286507,20.3182519698862,34.0123175160489,37.1564422776094,63.0095626987206,44.112903189801,77.7509011824294,37.9884096238788,15.9861944554361,44.7261074974596
"631",169.542569181706,316.538905236647,457.889800899179,169.676224918158,43.9263790618621,21.4099002491973,15.7164099993288,16.6874147276751,26.3663917975647,43.3544574903456,67.2190993164707,102.439757943434,120.897275901797,314.657091772511,78.3375014097391,19.5900721748562,71.0044382500834
"640",159.663249337231,225.27645521563,285.75858704703,103.998355181735,37.4741343681674,22.0981702905926,18.3588230644227,19.0689634509487,30.5886749205699,45.4647195698361,72.2498759225658,108.070931388828,94.0059116464631,223.566097199964,54.523553280165,22.6721538119804,75.2618422937434
"696",108.277101579478,121.556252112728,143.240064186109,78.2090357331107,28.6702955245057,16.9532729760587,15.312924163793,14.9379991328943,23.3947484048479,33.6564289542972,55.1265855655365,79.5138261779851,59.904044542612,124.357805959438,41.2775347445584,17.8818905671784,56.0989468992729
"706",151.748276924969,167.930735199847,206.293643282839,116.962281065968,37.8856624982133,19.5340121922616,16.5098176284246,16.8732348627509,29.0429136575592,45.5185010607956,74.6587492939471,104.038142862321,82.2496642108246,175.324218469218,58.127318585481,20.8086553829116,74.7384644056879
"716",114.119766831554,119.698111400545,138.573056001159,66.8641633217748,26.7512431085814,15.8859006577693,13.9293696361211,13.752947497391,20.5097845044255,29.7236955299982,52.4155216565896,85.5530805207582,58.1480533888889,124.130311411086,36.5004356960418,16.0640338793125,55.8974325691153
"725",131.219536538601,199.668711828556,275.955843268282,98.1662714403395,36.7241318648309,18.0643633932752,13.9808546655861,15.9854943687086,24.1610228559433,35.4693154699872,57.0535831467977,83.0607407429644,82.4591557986559,202.281363878479,50.9849222328152,18.042457296746,58.5278797865831
"734",78.8495202406911,92.9636308165251,99.8084769439997,80.4963375984465,35.3462091644951,20.2326275752884,12.5668523322617,13.0105585316983,19.6434727897191,33.6532187362372,41.541366001064,66.807451428016,49.5766435132035,90.5405426670719,45.3583914460767,15.0736278845597,47.3340120551058
"744",106.162479024308,129.452412044015,126.115503375048,82.6133770086541,35.8665486626605,18.9249523489681,15.8350318494137,17.0412690524058,28.7721169565565,47.6556691291582,57.8193614285037,82.4600204319819,62.3932284426394,120.57679814779,45.8016260067609,20.5494726194587,62.6450169965479
"772",224.738932312256,270.635192470494,252.553132419091,113.296608127225,34.0242011980213,19.3229098695547,17.555463477746,19.2315586884839,30.5671496577208,48.5858274236852,83.0496255073654,135.305054041621,104.072137932772,249.309085733947,55.5479063982671,22.4513906079836,88.9801689908907
"781",120.889838083649,126.819559702988,123.519035810852,82.9797472129059,30.3339860174179,16.8980133609772,13.3314210538864,13.33382873806,21.8711651131821,36.0624952134323,62.1878827242279,96.8671218885803,62.0911745766799,123.742811199163,43.4039155304337,16.1788049683762,65.0391666087469
"791",211.612378785343,243.751046762266,277.926781523363,165.691447115415,46.9665733904363,23.1335550496224,16.0842332651094,16.6058243720853,29.6801426778749,51.8089443356199,96.9711067530487,144.936664116204,110.430724845532,244.430069023658,78.5971918518246,20.7900667716899,97.9055717349577
"797",52.608074702832,47.5882091392724,42.3762641870531,29.6610476033235,19.8968032006564,15.3172038739395,15.9730171498908,14.1584130227213,17.5501264877017,24.2673007777773,34.7065195361468,46.3696744088916,30.0393878408505,47.5241826763858,21.6250182259731,15.8938522201046,35.1144982409386
"820",92.0021500573894,182.247861736896,249.514747489567,91.5910244462896,23.4791208098614,15.598098931373,12.8673796549364,13.7503752060393,19.349250012343,29.1269398773861,41.0655323514641,63.6069630186187,69.516620299347,174.588253094617,43.5560813958413,15.3223349577729,44.5998117491563
"841",212.164265825337,273.848402801925,294.027871160533,150.460907372223,40.7760768213817,21.6630992706699,18.3963480950066,20.4160809822178,29.8546637839162,48.2904763129837,88.5565611599146,138.681447681943,111.428016772338,260.013513262599,70.9666944880916,22.8890309537136,91.8428283849471
"851",142.866708790895,181.792552491557,241.664724741134,99.6130022933052,25.684771904916,16.5380462512648,16.1514279781409,16.7789661552385,24.7167663151904,38.0437921981622,65.1457171859891,101.885010951273,80.9067906047555,188.774662007862,47.2786068164953,19.2157201495233,68.3581734451414
"860",223.164044486404,305.564212871951,359.95036545603,217.050785024074,49.8985479159796,21.8521960230897,19.1752462285035,20.30848618011,35.8925234144237,63.058008990337,95.4156143681138,160.076000151242,130.950502592522,296.226207604795,96.2671763210477,25.1254186076791,106.183207836564
"874",173.179522746587,385.843413242275,532.983278822214,186.491006608698,44.2221154955288,21.5919311128255,15.6880019039245,16.9397137399843,27.3620901698986,45.0580925979588,66.3665499106717,109.576200421358,135.44182639766,364.002071603692,84.1016844056841,19.9966019379358,73.6669476433295
"883",112.763443803849,115.560351744201,117.019348264557,82.173304798814,31.0170444443271,17.0589190541062,15.4931109488188,15.5232800276081,25.0367987398173,38.5528793872069,60.064155531925,87.1098709110743,59.7810423046921,115.114381270869,43.4164227657491,18.6843965720814,61.9089686100687
"892",172.790770417254,194.138808236276,228.671197765979,125.840217806575,38.5460285424495,20.7039315909222,17.5972035267878,18.3061409049743,32.4040821501138,52.6600139470066,84.5812539966039,123.609976114989,92.4874687499942,198.533592139836,61.6967259799822,22.7691421939586,86.9504146861997
"901",116.579132792399,170.934496960873,204.189868242912,81.5269121908245,37.1376089186178,20.1271416946703,15.1429754133941,16.6277794685458,25.6609418693501,39.8670491357397,51.2467464315685,82.3051459864469,71.7788165921119,163.901165998728,46.2638876013709,19.1438989170966,57.8063138512517
"910",178.089379331435,261.069260951653,314.06701269212,134.584775769679,40.7310054203517,19.6083200045219,15.5180582965947,16.515374148143,27.8252256048507,42.6213231266082,70.7650508933134,105.628889901821,102.251973011758,251.075217658403,64.9747003981843,19.9528860165295,73.0050879739141
"923",129.416858584858,162.119255002197,151.68224334824,82.9798536590464,32.8454710909685,19.6011629047177,15.1059438420565,15.507050179937,24.2206919495806,40.5841112411023,60.895530326249,101.833333293232,69.7326254518488,147.739452311765,45.1421625515775,18.277895323858,67.7709916201946
"942",87.1354105457021,95.0572639147609,83.6187094124042,54.4109606652,27.6461772844912,15.5983810341068,12.2564853391217,13.4188944610593,15.8681332644936,27.4332621116458,47.2867951344928,79.8963980460931,46.6355726011309,88.6037946242891,32.551839661266,13.8478376882249,51.5388184307439
"955",35.4708766438655,31.9553570398553,30.3808477466157,22.5511020748168,14.3651695992067,11.6337604650705,10.8386262801077,10.7367775426657,12.793079652975,17.8631073267866,25.7335513215429,32.7222405121375,21.4203746838038,32.6023604767789,16.1833440463647,11.4561611585828,25.439633053489
"964",108.374784404628,150.584953199644,175.619610765352,76.2247556174578,41.2707465992963,19.0715005918547,15.0275795735954,16.6938162397605,26.2863262491144,38.4590254327575,55.791558745497,81.0422816863924,67.0372449254458,144.859782789875,45.5223342695363,19.3359073541568,58.4309552882157
"972",143.669550711046,205.639537967038,230.201657698548,274.596179620793,41.4800104011073,16.8427291092848,12.6246318275029,13.1062166457868,21.0745435343342,34.8177522534063,59.1532321273352,107.30813956445,96.7095151217194,193.170248792211,110.972973043728,15.6017973358747,67.0930413150638
"991",88.2012046227076,94.6090177468885,111.745273212134,45.211028184658,26.1508453368405,16.3087751710705,12.8573584587509,14.2121340677589,17.7237621817703,33.4096164337323,55.8638623957566,102.421698999818,51.5595480676572,98.1851651939101,29.2235495641897,14.9310849027601,63.8983926097689
"1001",148.203473654731,187.707752291611,230.945344709305,78.6094266736962,31.6290391029795,16.6461083515519,13.6532997741719,14.5625420755196,24.8320915687298,43.0527853894432,71.5446307178368,114.169600069167,81.2963411982286,188.952190218549,42.2948580427425,17.6826444728071,76.2556720588155
"1010",177.620671012449,253.090583163059,332.864999830612,267.361735231712,58.0987128967439,24.6551390309973,17.2216327471839,18.8483430906546,30.5132134136671,49.1549972020347,79.6803127170127,118.392429467822,118.958564150329,254.52541800204,116.705195719818,22.1943964171685,82.4092464622898
"1019",156.843523740545,194.804560396319,204.352217622794,141.84283119455,30.98943093007,16.5538275557918,14.0508351367514,14.7776689098024,26.3137789324059,45.6167334953246,62.1301781978549,101.947534242291,84.1852600295416,185.333433919886,63.1286965601372,18.3807609929865,69.8981486451568
"1028",170.702358948365,186.346293476176,180.401890535838,123.792825507649,43.9665311812502,21.8074266173202,18.2741773332448,18.5313298274061,31.5728149549983,55.4551738982708,88.6476953325245,139.79962154551,89.9415115965461,179.150180986793,63.1889277687399,22.7927740385497,94.6341635921018
"1038",43.6807464964024,41.488524683752,39.2799404735311,35.5845066608194,21.625416214415,16.1023007343831,11.6400601656659,10.8325689117586,15.1222818510098,22.7325350772121,22.7076892830816,33.6624035125547,26.2049145053821,41.4830705512285,24.4374078698725,12.5316369761448,26.3675426242828
"1047",86.8990994530066,139.262692732895,184.48654152166,58.4617044982208,25.6545141841916,15.0351960739792,12.6747695304744,13.3037990178506,18.1197045551171,24.2867310502319,39.2445695437087,58.4685748576965,56.324824751586,136.88277790252,33.0504715854638,14.699424367814,40.6666251505457
"1057",239.258793723328,405.635880848221,528.202952657463,187.792201304275,45.3002109443052,22.4684702013492,18.925588767667,20.2335558331339,31.9278287667776,48.8219796631745,83.6100246667108,146.433714082666,148.217600121589,391.03254240967,85.1869608166432,23.6956577891928,92.9552394708503
"1066",95.4015676813005,103.322373177406,123.15957919496,62.7559730825772,24.3859251823861,15.4854685678459,14.5249680227637,14.1907721305947,21.3842655891866,28.1563891543983,45.9491268029913,67.7220365264612,51.3698704260727,107.294506684556,34.2091222776031,16.7000019141817,47.2758508279502
"1074",158.433074535954,197.462650790032,263.996469296164,109.082012805014,31.7871406926676,18.567867494176,15.6298065092642,16.0405136912674,25.0722294118273,34.5249221014031,64.5323294781959,97.6313376747373,86.0633628733919,206.630731540717,53.1456736639525,18.9141832041196,65.5628630847788
"1084",131.331445163013,239.07065964419,325.536340806533,123.995243578223,28.9986506307229,17.188470536964,13.856330422517,14.3869166441411,21.5815350492508,31.1587715682102,50.012554168364,85.25483684279,90.1976462545766,231.979481871245,56.7274549153034,16.608260705303,55.4753875264547
"1093",144.753903477164,175.342656257763,225.065646296897,122.716045939495,40.1913448587422,20.3044487176669,16.9038490872673,17.5255078619677,29.6388145131006,44.841146230588,71.0414443580846,106.683955877834,84.5840636230475,181.720735343941,61.0706131719681,21.3560571541118,74.1888488221689
